# X , Y , E Distribution=true
0
0.8,0.0297445,0.00116764
1,0.0354939,0.00122278
1.2,0.0404072,0.00126332
1.4,0.0448944,0.00129505
1.6,0.0467945,0.00129438
1.8,0.050446,0.00129988
2,0.0550528,0.00133974
2.2,0.0585047,0.00138778
2.4,0.0641583,0.00145688
2.6,0.0703702,0.00153513
2.8,0.0773338,0.00162056
3,0.0855894,0.00171271
3.2,0.0936357,0.00179706
3.4,0.100217,0.00188378
3.6,0.106998,0.00196619
3.8,0.113949,0.00204248
4,0.121868,0.00211989
4.2,0.132153,0.00219854
4.4,0.138851,0.00226246
4.6,0.148843,0.00233034
4.8,0.158852,0.00239196
5,0.170084,0.00245524
5.2,0.180952,0.00252964
5.4,0.194443,0.00260927
5.6,0.205161,0.00268882
5.8,0.220809,0.00278454
6,0.233864,0.00287745
6.2,0.24788,0.00297004
6.4,0.260865,0.00306097
6.6,0.27353,0.00313821
6.8,0.285436,0.00321166
7,0.298446,0.00328232
7.2,0.30843,0.0033401
7.4,0.319695,0.00339162
7.6,0.329458,0.00343512
7.8,0.336499,0.00348238
8,0.342771,0.00353218
8.2,0.347089,0.00358021
8.4,0.351674,0.00363011
8.6,0.353961,0.00367911
8.8,0.354851,0.00373277
9,0.35739,0.00379834
9.2,0.360758,0.00385736
9.4,0.365792,0.00390854
9.6,0.368612,0.00396062
9.8,0.375636,0.00402409
10,0.385053,0.0041016
10.2,0.393999,0.00416937
10.4,0.409066,0.00426036
10.6,0.433694,0.00439283
10.8,0.458049,0.00454402
11,0.48813,0.00470562
11.2,0.514395,0.00485084
11.4,0.535324,0.00496946
11.6,0.553637,0.00508486
11.8,0.559712,0.00515127
12,0.5547,0.00516711
12.2,0.54465,0.00516518
12.4,0.526763,0.00513431
12.6,0.506276,0.00510247
12.8,0.48998,0.00507368
13,0.47837,0.00507147
13.2,0.468168,0.00507669
13.4,0.461835,0.00509917
13.6,0.456683,0.0051204
13.8,0.454531,0.00516396
14,0.455554,0.00521918
14.2,0.45388,0.00527755
14.4,0.448862,0.00533141
14.6,0.450491,0.00540764
14.8,0.454032,0.00548935
15,0.457069,0.00556985
15.2,0.460859,0.00565055
15.4,0.457312,0.00569721
15.6,0.460148,0.00575392
15.8,0.464278,0.00579724
16,0.461785,0.0058393
16.2,0.456446,0.00587127
16.4,0.453695,0.00591416
16.6,0.454631,0.00596414
16.8,0.457073,0.00602983
17,0.455251,0.00609811
17.2,0.453089,0.00618679
17.4,0.453174,0.00627666
17.6,0.449282,0.00637016
17.8,0.448702,0.00647406
18,0.447231,0.00657115
18.2,0.444175,0.00668356
18.4,0.444962,0.00680281
18.6,0.445144,0.0069095
18.8,0.45095,0.00702911
19,0.451233,0.00714238
19.2,0.451585,0.00727401
19.4,0.448419,0.00738682
19.6,0.448015,0.00751134
19.8,0.448002,0.00758775
20,0.448574,0.00767361
20.2,0.449537,0.00773294
20.4,0.454309,0.00779093
20.6,0.457415,0.00782285
20.8,0.458898,0.00784158
21,0.466362,0.00784766
21.2,0.463701,0.00788147
21.4,0.459286,0.00789607
21.6,0.456952,0.00791184
21.8,0.452199,0.0079234
22,0.444663,0.00792508
22.2,0.441752,0.00795219
22.4,0.44162,0.00797386
22.6,0.446322,0.00799722
22.8,0.451973,0.00800999
23,0.447918,0.00802596
23.2,0.451718,0.00804499
23.4,0.460608,0.00805931
23.6,0.472839,0.00810449
23.8,0.473609,0.00813265
24,0.469592,0.00814107
24.2,0.467273,0.00816378
24.4,0.469349,0.00819344
24.6,0.473432,0.00821567
24.8,0.468358,0.00824756
25,0.464362,0.00821685
25.2,0.466194,0.00821483
25.4,0.467495,0.00822684
25.6,0.474813,0.00825351
25.8,0.475518,0.00826965
26,0.478824,0.008322
26.2,0.49023,0.00837807
26.4,0.495617,0.0084709
26.6,0.493207,0.00856031
26.8,0.502055,0.00865971
27,0.504598,0.00875518
27.2,0.511432,0.00886755
27.4,0.512913,0.00894343
27.6,0.509026,0.00900709
27.8,0.504253,0.00905041
28,0.50381,0.00905225
28.2,0.512294,0.00906674
28.4,0.509267,0.00903163
28.6,0.507223,0.0089722
28.8,0.504444,0.00889149
29,0.506851,0.00882107
29.2,0.507682,0.00874545
29.4,0.510888,0.00870165
29.6,0.495957,0.00863887
29.8,0.495936,0.00859959
30,0.497219,0.00857842
30.2,0.499021,0.00857074
30.4,0.492482,0.00855019
30.6,0.495049,0.00853927
30.8,0.491077,0.00851357
31,0.488317,0.00845389
31.2,0.486224,0.00843325
31.4,0.476558,0.00835409
31.6,0.473235,0.0083274
31.8,0.471591,0.00829873
32,0.465444,0.00825117
32.2,0.463281,0.00823412
32.4,0.465902,0.00826365
32.6,0.462159,0.00823173
32.8,0.461333,0.00825572
33,0.461008,0.00826105
33.2,0.457359,0.00824267
33.4,0.454396,0.00827028
33.6,0.450648,0.00824438
33.8,0.445748,0.00822337
34,0.441004,0.00824621
34.2,0.438104,0.00827627
34.4,0.432797,0.00828577
34.6,0.434372,0.00832299
34.8,0.432056,0.00833494
35,0.435474,0.00838977
35.2,0.431247,0.00843082
35.4,0.424639,0.00844924
35.6,0.421847,0.00844233
35.8,0.417995,0.00849341
36,0.408839,0.00853348
36.2,0.403547,0.00856657
36.4,0.391685,0.00857914
36.6,0.384851,0.00858129
36.8,0.386648,0.00860228
37,0.390175,0.00863313
37.2,0.383578,0.00860129
37.4,0.38504,0.00857992
37.6,0.381024,0.00857837
37.8,0.382273,0.00857434
38,0.382728,0.00857372
38.2,0.384288,0.00854446
38.4,0.37583,0.00850261
38.6,0.375584,0.00846176
38.8,0.372601,0.00840387
39,0.374394,0.00834817
39.2,0.362679,0.00826342
39.4,0.365792,0.00821564
39.6,0.363876,0.00815164
39.8,0.364753,0.00813039
40,0.361388,0.00810272
40.2,0.357481,0.00808677
40.4,0.355196,0.00806327
40.6,0.358497,0.0080503
40.8,0.349663,0.00800129
41,0.341886,0.00797072
41.2,0.338657,0.00794871
41.4,0.33859,0.00791988
41.6,0.33302,0.00784856
41.8,0.324033,0.00778082
42,0.324145,0.00774873
42.2,0.324493,0.00772585
42.4,0.320209,0.0077053
42.6,0.313042,0.00763966
42.8,0.300361,0.00761296
43,0.301541,0.00763563
43.2,0.297964,0.00766423
43.4,0.29381,0.00766392
43.6,0.288429,0.00764601
43.8,0.281421,0.00760927
44,0.279004,0.00760509
44.2,0.284408,0.00762421
44.4,0.283524,0.00764881
44.6,0.284461,0.0076561
44.8,0.283678,0.00767443
45,0.286105,0.00769661
45.2,0.281012,0.0077172
45.4,0.275593,0.00772942
45.6,0.276253,0.0077206
45.8,0.2733,0.00772618
46,0.269364,0.00770051
46.2,0.269746,0.00770404
46.4,0.266847,0.00770543
46.6,0.275479,0.00774296
46.8,0.279483,0.0077763
47,0.278682,0.00780393
47.2,0.283621,0.00785144
47.4,0.290063,0.00791448
47.6,0.293137,0.00796404
47.8,0.299489,0.00803034
48,0.304005,0.00807322
48.2,0.307633,0.00810299
48.4,0.307748,0.00814634
48.6,0.310163,0.00819977
48.8,0.314996,0.00824223
49,0.317481,0.00829844
49.2,0.326908,0.00835038
49.4,0.3357,0.00843217
49.6,0.345303,0.0085238
49.8,0.358917,0.00862477
50,0.367971,0.00866076
50.2,0.378031,0.00876871
50.4,0.388345,0.00885788
50.6,0.38503,0.00892584
50.8,0.387328,0.00899407
51,0.394233,0.0090645
51.2,0.399123,0.00914266
51.4,0.398531,0.00923521
51.6,0.401232,0.00929962
51.8,0.401862,0.00931689
52,0.408037,0.00938012
52.2,0.403181,0.00935959
52.4,0.400781,0.00936427
52.6,0.395531,0.009371
52.8,0.398084,0.00935569
53,0.389746,0.00931366
53.2,0.383633,0.00932383
53.4,0.377934,0.00931721
53.6,0.378181,0.00933218
53.8,0.371631,0.00934404
54,0.36569,0.00928677
54.2,0.347554,0.00924531
54.4,0.33299,0.00916873
54.6,0.316375,0.00907434
54.8,0.2986,0.00896334
55,0.285633,0.00893309
55.2,0.265271,0.00880685
55.4,0.246155,0.00868655
55.6,0.229413,0.00856528
55.8,0.213873,0.00845275
56,0.200762,0.00838292
56.2,0.187432,0.00828893
56.4,0.169968,0.00813996
56.6,0.163092,0.00808759
56.8,0.156014,0.00801021
57,0.153235,0.00800093
57.2,0.150862,0.00797801
57.4,0.146243,0.0079452
57.6,0.151027,0.00796395
57.8,0.153611,0.00796321
58,0.150996,0.00797984
58.2,0.154865,0.00809193
58.4,0.157078,0.00807539
58.6,0.156258,0.00810553
58.8,0.161069,0.00820464
59,0.162999,0.00829979
59.2,0.169328,0.00840161
59.4,0.174684,0.00841086
59.6,0.175429,0.00845623
59.8,0.17917,0.00855038
60,0.19144,0.00867964
60.2,0.19876,0.00873941
60.4,0.195335,0.00871048
60.6,0.188226,0.00873216
60.8,0.1966,0.00879861
61,0.197856,0.00877166
61.2,0.20381,0.0088105
61.4,0.196764,0.00881128
61.6,0.196754,0.00882185
61.8,0.207005,0.00895286
62,0.223881,0.00902738
62.2,0.221704,0.00906904
62.4,0.226342,0.00916486
62.6,0.229742,0.00924006
62.8,0.240484,0.00928597
63,0.251895,0.00936653
63.2,0.250944,0.00935283
63.4,0.254157,0.0094676
63.6,0.262967,0.00957276
63.8,0.264292,0.00965071
64,0.268413,0.00967573
64.2,0.274268,0.00979896
64.4,0.269836,0.00984286
64.6,0.273058,0.0100159
64.8,0.276529,0.0100689
65,0.275581,0.0101185
65.2,0.285075,0.0101826
65.4,0.288639,0.0102813
65.6,0.293408,0.0103351
65.8,0.295834,0.010412
66,0.307549,0.0104064
66.2,0.30763,0.0104609
66.4,0.306751,0.0105509
66.6,0.306551,0.0106179
66.8,0.312816,0.0107345
67,0.312049,0.0107978
67.2,0.321012,0.010851
67.4,0.319382,0.0109089
67.6,0.319597,0.0109002
67.8,0.334291,0.0110367
68,0.342836,0.0111014
68.2,0.343022,0.0111198
68.4,0.345895,0.0111701
68.6,0.346092,0.0112333
68.8,0.345338,0.0112231
69,0.343611,0.0112715
69.2,0.332149,0.011121
69.4,0.32155,0.0110375
69.6,0.310891,0.0110095
69.8,0.309223,0.0110246
70,0.306793,0.0110482
70.2,0.300453,0.0111148
70.4,0.301877,0.0111627
70.6,0.303982,0.0112846
70.8,0.308563,0.0113666
71,0.307758,0.0113943
71.2,0.308029,0.0113923
71.4,0.309336,0.0114385
71.6,0.306601,0.0113759
71.8,0.299164,0.0113088
72,0.285384,0.0111642
72.2,0.27964,0.011131
72.4,0.27414,0.0110978
72.6,0.261969,0.0110385
72.8,0.245913,0.0108164
73,0.238632,0.0107224
73.2,0.229874,0.0107205
73.4,0.228468,0.0106925
73.6,0.220796,0.0107113
73.8,0.223682,0.0107165
74,0.22016,0.010657
74.2,0.224204,0.010802
74.4,0.2292,0.0109667
74.6,0.234382,0.0110285
74.8,0.239379,0.0111783
75,0.244353,0.0112869
75.2,0.244509,0.0113448
75.4,0.248643,0.0114464
75.6,0.243783,0.01147
75.8,0.248278,0.0116571
76,0.25092,0.011709
76.2,0.259328,0.0117223
76.4,0.263484,0.0117225
76.6,0.271386,0.0118186
76.8,0.27654,0.011954
77,0.287234,0.012051
77.2,0.281559,0.0119716
77.4,0.276552,0.0119846
77.6,0.27975,0.0121501
77.8,0.277817,0.0121251
78,0.267395,0.012075
78.2,0.262534,0.0120278
78.4,0.265973,0.0120324
78.6,0.277808,0.012016
78.8,0.28023,0.012059
79,0.270106,0.011915
79.2,0.271021,0.0120056
79.4,0.278487,0.0119883
79.6,0.274444,0.0118913
79.8,0.26071,0.011793
80,0.248674,0.0116748
80.2,0.245197,0.011565
80.4,0.237855,0.0115434
80.6,0.229922,0.0114782
80.8,0.218514,0.011463
81,0.209613,0.0114649
81.2,0.206933,0.0114147
81.4,0.201112,0.0114202
81.6,0.191972,0.0114065
81.8,0.186935,0.011326
82,0.182054,0.0113519
82.2,0.179989,0.0113905
82.4,0.176694,0.0113286
82.6,0.169616,0.0113135
82.8,0.157853,0.0112033
83,0.163347,0.0112376
83.2,0.162344,0.0112995
83.4,0.159935,0.0112408
83.6,0.156684,0.0111829
83.8,0.156797,0.0113079
84,0.155034,0.0112877
84.2,0.160894,0.0114204
84.4,0.159495,0.0114991
84.6,0.155995,0.0115022
84.8,0.152887,0.0115425
85,0.148264,0.0115884
85.2,0.149495,0.0116362
85.4,0.164384,0.01189
85.6,0.167803,0.0118249
85.8,0.160337,0.0118392
86,0.164849,0.011972
86.2,0.168605,0.012097
86.4,0.168202,0.0121559
86.6,0.169831,0.0122422
86.8,0.163677,0.0122232
87,0.15608,0.0123288
87.2,0.155881,0.0122937
87.4,0.14515,0.0122081
87.6,0.136722,0.0120165
87.8,0.142094,0.0120934
88,0.146635,0.012136
88.2,0.146716,0.0121783
88.4,0.158003,0.0123255
88.6,0.158732,0.0123779
88.8,0.170643,0.0124831
89,0.172431,0.012596
89.2,0.167572,0.0124825
89.4,0.164596,0.0124193
89.6,0.161087,0.0123964
89.8,0.154686,0.0124462
90,0.156982,0.0125211
90.2,0.15234,0.012544
90.4,0.158441,0.0127299
90.6,0.167751,0.0129398
90.8,0.155957,0.0128951
91,0.150036,0.0129482
91.2,0.147474,0.0128414
91.4,0.139153,0.0127693
91.6,0.141821,0.0129086
91.8,0.136063,0.0127971
92,0.131097,0.0127314
92.2,0.135748,0.0127925
92.4,0.131545,0.012665
92.6,0.136902,0.0128231
92.8,0.146674,0.0130171
93,0.145973,0.0130172
93.2,0.146607,0.0130699
93.4,0.142422,0.0132133
93.6,0.144729,0.0133727
93.8,0.158398,0.0135943
94,0.160901,0.013604
94.2,0.163416,0.0136033
94.4,0.163504,0.0137516
94.6,0.17206,0.0138683
94.8,0.181095,0.0138827
95,0.188746,0.013915
95.2,0.191648,0.013999
95.4,0.18865,0.0141204
95.6,0.193056,0.014275
95.8,0.192484,0.0140552
96,0.181085,0.0140404
96.2,0.172853,0.0140431
96.4,0.17453,0.0141366
96.6,0.160871,0.0139898
96.8,0.150716,0.013832
97,0.148962,0.0139092
97.2,0.15589,0.014232
97.4,0.160562,0.0142268
97.6,0.158954,0.0141551
97.8,0.150191,0.014242
98,0.151342,0.0143396
98.2,0.158041,0.0144421
98.4,0.154037,0.0142691
98.6,0.141251,0.0140379
98.8,0.132913,0.0140756
99,0.13605,0.0143226
99.2,0.131728,0.0143243
99.4,0.13775,0.0146444
99.6,0.13321,0.014783
99.8,0.121279,0.0149589
100,0.131873,0.0151861
100.2,0.140076,0.0153666
100.4,0.142125,0.0154043
100.6,0.137237,0.0152806
100.8,0.130283,0.0150389
101,0.13633,0.0148844
101.2,0.149942,0.0149541
101.4,0.139962,0.0149401
101.6,0.131534,0.0148992
101.8,0.135611,0.0149969
102,0.146755,0.0152018
102.2,0.15397,0.0153597
102.4,0.15247,0.0155438
102.6,0.138029,0.0154307
102.8,0.143391,0.0154429
103,0.152097,0.0154279
103.2,0.149542,0.0152294
103.4,0.142655,0.0151292
103.6,0.12909,0.0150825
103.8,0.12194,0.015059
104,0.128639,0.015131
104.2,0.12555,0.0149864
104.4,0.120792,0.0150105
104.6,0.110755,0.0152569
104.8,0.118592,0.0153827
105,0.126476,0.0156011
105.2,0.136572,0.0158228
105.4,0.140988,0.0158934
105.6,0.152708,0.0163066
105.8,0.158276,0.0164952
106,0.167222,0.0165513
106.2,0.166506,0.0167301
106.4,0.183255,0.0168568
106.6,0.183843,0.0170077
106.8,0.179085,0.0171453
107,0.183246,0.017159
107.2,0.197793,0.017462
107.4,0.207786,0.0175867
107.6,0.213514,0.0175588
107.8,0.200598,0.0175068
108,0.213781,0.0176052
108.2,0.222959,0.0177181
108.4,0.219496,0.0180694
108.6,0.212461,0.0183153
108.8,0.206629,0.0183853
109,0.21093,0.0186191
109.2,0.222715,0.018845
109.4,0.225572,0.0192365
109.6,0.241399,0.0194819
109.8,0.237688,0.0191869
110,0.234313,0.0189279
110.2,0.24398,0.0189934
110.4,0.243116,0.0189893
110.6,0.239808,0.0189096
110.8,0.234686,0.018664
111,0.224934,0.0186653
111.2,0.241954,0.018931
111.4,0.254959,0.0190856
111.6,0.250746,0.0192158
111.8,0.242675,0.0195262
112,0.243795,0.0195923
112.2,0.243157,0.0198518
112.4,0.252493,0.019958
112.6,0.235505,0.0198469
112.8,0.22582,0.0198894
113,0.216307,0.0198053
113.2,0.220768,0.0196653
113.4,0.220968,0.0198997
113.6,0.222196,0.0198283
113.8,0.215877,0.0198336
114,0.219955,0.0200421
114.2,0.21674,0.0199204
114.4,0.230221,0.0201421
114.6,0.231162,0.0199875
114.8,0.224462,0.0199329
115,0.214988,0.0201859
115.2,0.212026,0.0204166
115.4,0.218601,0.0205494
115.6,0.219455,0.0208346
115.8,0.204443,0.0206808
116,0.214163,0.0211284
116.2,0.222226,0.0211185
116.4,0.227496,0.0208846
116.6,0.234252,0.0209129
116.8,0.234045,0.0208767
117,0.229759,0.0208946
117.2,0.252173,0.0213923
117.4,0.257784,0.0213075
117.6,0.263787,0.0216906
117.8,0.260165,0.0219517
118,0.258727,0.0219002
118.2,0.249651,0.022105
118.4,0.252384,0.0223826
118.6,0.250196,0.022406
118.8,0.254808,0.0227302
119,0.24001,0.0227859
119.2,0.252058,0.0227721
119.4,0.265403,0.0230973
119.6,0.287713,0.0231603
119.8,0.308068,0.0231112
120,0.311126,0.0230818
120.2,0.305637,0.0229682
120.4,0.322444,0.022865
120.6,0.310321,0.0228427
120.8,0.301299,0.0226331
121,0.296459,0.0229941
121.2,0.28907,0.0233221
121.4,0.276271,0.0233431
121.6,0.267803,0.0233644
121.8,0.263353,0.0233993
122,0.2721,0.0235209
122.2,0.264515,0.0234975
122.4,0.255045,0.0233187
122.6,0.23731,0.0228615
122.8,0.242258,0.0227732
123,0.243616,0.0230259
123.2,0.226841,0.0232231
123.4,0.220954,0.0232179
123.6,0.213589,0.0236271
123.8,0.228675,0.0238645
124,0.243392,0.0243216
124.2,0.235563,0.0245448
124.4,0.235716,0.0244217
124.6,0.2483,0.024608
124.8,0.253895,0.024702
125,0.264956,0.0244304
125.2,0.246319,0.024127
125.4,0.236903,0.0239275
125.6,0.236336,0.0238398
125.8,0.238505,0.023988
126,0.226795,0.0235891
126.2,0.220483,0.0235729
126.4,0.21398,0.0236348
126.6,0.210627,0.0235108
126.8,0.203637,0.0236185
127,0.199311,0.0239364
127.2,0.173604,0.0237504
127.4,0.178486,0.0238353
127.6,0.182061,0.0241478
127.8,0.183058,0.0244749
128,0.200057,0.0249017
128.2,0.228689,0.0251838
128.4,0.236685,0.025003
128.6,0.240106,0.0252228
128.8,0.239358,0.0256232
129,0.239025,0.0256264
129.2,0.241623,0.0252325
129.4,0.219753,0.0247161
129.6,0.185567,0.0243043
129.8,0.179828,0.0246688
130,0.1903,0.0247353
130.2,0.17973,0.0245581
130.4,0.170651,0.0242846
130.6,0.156451,0.0243119
130.8,0.153239,0.0244975
131,0.161338,0.0245826
131.2,0.151049,0.0239418
131.4,0.154346,0.0236746
131.6,0.160848,0.0234093
131.8,0.147193,0.0230484
132,0.154417,0.023206
132.2,0.163218,0.0232378
132.4,0.156652,0.0231187
132.6,0.138837,0.0233171
132.8,0.135962,0.0234727
133,0.14963,0.023817
133.2,0.166166,0.0247581
133.4,0.156412,0.0249659
133.6,0.142353,0.0249435
133.8,0.132921,0.0248721
134,0.161234,0.025262
134.2,0.150618,0.0251733
134.4,0.124026,0.0248676
134.6,0.115509,0.0243838
134.8,0.121548,0.0241001
135,0.134105,0.024212
135.2,0.148211,0.024744
135.4,0.152273,0.0246687
135.6,0.158845,0.0247112
135.8,0.174259,0.0251989
136,0.197708,0.0255988
136.2,0.192558,0.0255023
136.4,0.181452,0.0256313
136.6,0.179833,0.0255982
136.8,0.159608,0.0257461
137,0.155116,0.0260203
137.2,0.131584,0.025893
137.4,0.108601,0.0255945
137.6,0.097111,0.02592
137.8,0.106758,0.0261875
138,0.118912,0.0265065
138.2,0.127787,0.0263702
138.4,0.128603,0.0262404
138.6,0.143776,0.0261583
138.8,0.132083,0.0262494
139,0.147896,0.0265963
139.2,0.153092,0.0264473
139.4,0.138355,0.0261166
139.6,0.139959,0.025845
139.8,0.144676,0.0261566
140,0.149294,0.0257544
140.2,0.176456,0.0259364
140.4,0.181866,0.0256274
140.6,0.168258,0.0258598
140.8,0.181587,0.0255705
141,0.187999,0.0256721
141.2,0.188424,0.0251787
141.4,0.192623,0.0257396
141.6,0.167781,0.0251379
141.8,0.157192,0.0252137
142,0.156162,0.0253441
142.2,0.12922,0.0255842
142.4,0.113335,0.0255453
142.6,0.107445,0.0258716
142.8,0.110858,0.0256555
143,0.129989,0.0261246
143.2,0.134841,0.0260296
143.4,0.140214,0.0259163
143.6,0.156762,0.0263012
143.8,0.158065,0.0261883
144,0.162023,0.0263792
144.2,0.158514,0.0266892
144.4,0.156294,0.0268306
144.6,0.155331,0.0269528
144.8,0.159883,0.0271417
145,0.148551,0.026893
145.2,0.161632,0.0276778
145.4,0.169228,0.0277146
145.6,0.167212,0.0276502
145.8,0.15674,0.0275939
146,0.158435,0.0277252
146.2,0.157407,0.0276118
146.4,0.186482,0.0280039
146.6,0.195127,0.0280274
146.8,0.183227,0.0278866
147,0.172821,0.027803
147.2,0.179497,0.0281031
147.4,0.165429,0.0281124
147.6,0.14685,0.0280315
147.8,0.117307,0.0274221
148,0.108759,0.0273646
148.2,0.119225,0.027431
148.4,0.133025,0.0278379
148.6,0.120363,0.0276449
148.8,0.115762,0.027499
149,0.129075,0.0278342
149.2,0.146702,0.0284392
149.4,0.126984,0.0283329
149.6,0.109563,0.0284015
149.8,0.0927779,0.0279782
150,0.102869,0.0280421
150.2,0.120545,0.0285969
150.4,0.129889,0.0287674
150.6,0.121303,0.0286214
150.8,0.120736,0.0289739
151,0.134681,0.0288116
151.2,0.139471,0.0288879
151.4,0.124903,0.0285404
151.6,0.123693,0.0283057
151.8,0.115499,0.02827
152,0.109558,0.0283195
152.2,0.118536,0.0280929
152.4,0.123668,0.0284436
152.6,0.142728,0.0290498
152.8,0.15218,0.0292916
153,0.141157,0.0294309
153.2,0.136173,0.0292556
153.4,0.150738,0.0294419
153.6,0.159993,0.0300116
153.8,0.146719,0.0296032
154,0.139163,0.0295143
154.2,0.136723,0.0298466
154.4,0.153696,0.0298268
154.6,0.173991,0.0302519
154.8,0.17683,0.0310515
155,0.163588,0.030731
155.2,0.172091,0.0314041
155.4,0.165138,0.0315012
155.6,0.147341,0.0319462
155.8,0.144771,0.0325197
156,0.129685,0.0324602
156.2,0.116834,0.0318662
156.4,0.116721,0.0316814
156.6,0.110108,0.0315109
156.8,0.0909813,0.0319993
157,0.124846,0.0318665
157.2,0.106693,0.0314866
157.4,0.0868596,0.0314412
157.6,0.0944782,0.0319201
157.8,0.119913,0.032601
158,0.115668,0.0327547
158.2,0.142316,0.032005
158.4,0.123809,0.0311534
158.6,0.140721,0.030909
158.8,0.16452,0.0306522
159,0.158812,0.029819
159.2,0.135238,0.0294664
159.4,0.138471,0.0297025
159.6,0.135116,0.0301984
159.8,0.140271,0.030962
160,0.138071,0.0314414
160.2,0.123502,0.0313903
160.4,0.129369,0.0317452
160.6,0.126099,0.0313835
160.8,0.131488,0.0312338
161,0.134708,0.0313222
161.2,0.140786,0.031858
161.4,0.137767,0.0319242
161.6,0.143779,0.0324566
161.8,0.129916,0.0327249
162,0.141701,0.0328606
162.2,0.129842,0.0330671
162.4,0.11173,0.0335174
162.6,0.104593,0.0333668
162.8,0.101901,0.032501
163,0.106479,0.0322083
163.2,0.109238,0.0318768
163.4,0.0955646,0.0322607
163.6,0.111021,0.0319128
163.8,0.133989,0.0321889
164,0.136706,0.0320131
164.2,0.130883,0.0329509
164.4,0.136395,0.034019
164.6,0.134637,0.0343197
164.8,0.135785,0.0345048
165,0.109259,0.0347576
165.2,0.0912871,0.034421
165.4,0.0923112,0.0351204
165.6,0.101568,0.0354974
165.8,0.0921282,0.0345848
166,0.100144,0.0343924
166.2,0.10238,0.034306
166.4,0.111144,0.0341774
166.6,0.12414,0.0339031
166.8,0.122347,0.0330454
167,0.122784,0.0326999
167.2,0.127814,0.0332384
167.4,0.121567,0.0337457
167.6,0.122831,0.0337482
167.8,0.145632,0.0343068
168,0.145135,0.0342987
168.2,0.159355,0.0348803
168.4,0.156867,0.0351099
168.6,0.1445,0.0351538
168.8,0.131529,0.0349848
169,0.133991,0.0353604
169.2,0.113111,0.0356274
169.4,0.0988377,0.0352749
169.6,0.0705271,0.035285
169.8,0.0619405,0.0348781
170,0.071338,0.0357403
170.2,0.0950575,0.0362148
170.4,0.114034,0.036378
170.6,0.136832,0.0368905
170.8,0.150947,0.0372943
171,0.160722,0.0371021
171.2,0.167641,0.0373526
171.4,0.162552,0.0364573
171.6,0.165238,0.0363464
171.8,0.15484,0.036261
172,0.140114,0.0358844
172.2,0.124172,0.0359397
172.4,0.121067,0.0361564
172.6,0.117841,0.0357785
172.8,0.124844,0.035474
173,0.110178,0.0349443
173.2,0.0981797,0.0352568
173.4,0.119501,0.0357172
173.6,0.0977429,0.0359341
173.8,0.105757,0.0358256
174,0.111449,0.0361912
174.2,0.112297,0.0363927
174.4,0.125052,0.0366123
174.6,0.135237,0.0360314
174.8,0.100945,0.035596
175,0.134342,0.0358024
175.2,0.143436,0.0366251
175.4,0.147817,0.0369791
175.6,0.132933,0.0372235
175.8,0.127583,0.0376293
176,0.15025,0.0384093
176.2,0.186298,0.038886
176.4,0.205866,0.038392
176.6,0.194116,0.0369988
176.8,0.173178,0.0361006
177,0.189801,0.0360986
177.2,0.176471,0.0356488
177.4,0.13861,0.0352027
177.6,0.12619,0.0347025
177.8,0.105985,0.035097
178,0.127472,0.036358
178.2,0.134466,0.036885
178.4,0.122562,0.0372702
178.6,0.12025,0.0375158
178.8,0.142416,0.0379012
179,0.156926,0.0384396
179.2,0.149107,0.0386736
179.4,0.112536,0.0412271
179.6,0.120551,0.0456335
179.8,0.12731,0.0506908
179.95,0.153413,0.0585887
1
0.8,0.00790542,0.000773881
1,0.00856136,0.000829643
1.2,0.00903747,0.000870316
1.4,0.00947434,0.000898845
1.6,0.00717788,0.000930776
1.8,0.00652968,0.000985665
2,0.00727383,0.00103874
2.2,0.0082901,0.0010855
2.4,0.00903746,0.00113435
2.6,0.0108439,0.00119553
2.8,0.0134995,0.00127721
3,0.015791,0.00136726
3.2,0.0185803,0.0014621
3.4,0.0220288,0.00156739
3.6,0.0263992,0.00168014
3.8,0.0332415,0.00180563
4,0.0401993,0.00191376
4.2,0.0464206,0.00200843
4.4,0.050558,0.00207169
4.6,0.0521017,0.00210437
4.8,0.0542255,0.0021177
5,0.0550321,0.00210276
5.2,0.0545121,0.00206358
5.4,0.0516803,0.00203288
5.6,0.0489837,0.00200475
5.8,0.0498685,0.00200141
6,0.0536526,0.00201765
6.2,0.0570039,0.00204644
6.4,0.0590131,0.00208911
6.6,0.0613914,0.00212996
6.8,0.06519,0.00217841
7,0.0698266,0.00222495
7.2,0.0721104,0.00226345
7.4,0.074606,0.00231401
7.6,0.0760036,0.0023453
7.8,0.0805655,0.00237439
8,0.0822697,0.00241304
8.2,0.0837001,0.00244048
8.4,0.084242,0.0024656
8.6,0.0855143,0.00250316
8.8,0.0849351,0.00252231
9,0.086511,0.0025644
9.2,0.0887235,0.00261241
9.4,0.0895505,0.00265416
9.6,0.0930107,0.00271978
9.8,0.0976224,0.00279844
10,0.101106,0.00288229
10.2,0.108389,0.00298844
10.4,0.11688,0.00310118
10.6,0.12792,0.00326089
10.8,0.144478,0.00344625
11,0.159813,0.00362502
11.2,0.171906,0.00379596
11.4,0.187936,0.00394086
11.6,0.197077,0.00405071
11.8,0.200056,0.00412907
12,0.197677,0.00414269
12.2,0.190197,0.00413302
12.4,0.180902,0.00411507
12.6,0.174526,0.00407572
12.8,0.16133,0.00406492
13,0.152746,0.00409655
13.2,0.148133,0.00412255
13.4,0.141376,0.004162
13.6,0.139674,0.00420738
13.8,0.138944,0.00426765
14,0.133729,0.00432629
14.2,0.136996,0.00437698
14.4,0.138598,0.0044188
14.6,0.140326,0.00448109
14.8,0.145491,0.00456314
15,0.146003,0.00464146
15.2,0.150842,0.00470719
15.4,0.152958,0.00476319
15.6,0.156613,0.00484723
15.8,0.161236,0.00491307
16,0.16421,0.00499099
16.2,0.164691,0.00506822
16.4,0.16918,0.00514693
16.6,0.167437,0.0052249
16.8,0.17359,0.00533403
17,0.175897,0.00539768
17.2,0.174019,0.00547593
17.4,0.177995,0.00558231
17.6,0.182843,0.00565811
17.8,0.184391,0.00572256
18,0.187183,0.00578342
18.2,0.188126,0.00582864
18.4,0.188571,0.00590663
18.6,0.191817,0.00594628
18.8,0.188999,0.00596694
19,0.185965,0.00599563
19.2,0.183602,0.00602777
19.4,0.180684,0.00603614
19.6,0.18159,0.00608315
19.8,0.176331,0.00608115
20,0.173139,0.0061041
20.2,0.170507,0.00607725
20.4,0.172009,0.00606121
20.6,0.170406,0.00603084
20.8,0.171886,0.00604818
21,0.165558,0.00602353
21.2,0.169092,0.00603124
21.4,0.168952,0.00601779
21.6,0.172255,0.00606211
21.8,0.167247,0.00607103
22,0.165991,0.00608299
22.2,0.163319,0.00608567
22.4,0.169237,0.00610645
22.6,0.168554,0.00610926
22.8,0.168819,0.00613712
23,0.169655,0.00613018
23.2,0.172811,0.00616263
23.4,0.176957,0.00621655
23.6,0.178214,0.00623046
23.8,0.17684,0.00624335
24,0.178777,0.00623714
24.2,0.185574,0.00625306
24.4,0.183646,0.00627593
24.6,0.186395,0.00627354
24.8,0.18503,0.00627861
25,0.187358,0.00626508
25.2,0.192961,0.00627689
25.4,0.192646,0.00633966
25.6,0.188063,0.00635215
25.8,0.189668,0.00639257
26,0.188069,0.00641355
26.2,0.191095,0.00644646
26.4,0.193376,0.00651759
26.6,0.187723,0.00658929
26.8,0.195094,0.00664016
27,0.204006,0.00673335
27.2,0.205118,0.00677958
27.4,0.207694,0.00689729
27.6,0.210907,0.00698863
27.8,0.212681,0.00704267
28,0.220343,0.00705022
28.2,0.215523,0.00705954
28.4,0.210371,0.00706923
28.6,0.210091,0.00707106
28.8,0.213863,0.00706358
29,0.212733,0.00700839
29.2,0.211153,0.00700049
29.4,0.206302,0.00699836
29.6,0.20768,0.00701269
29.8,0.212035,0.00698685
30,0.215411,0.00696553
30.2,0.214679,0.0069498
30.4,0.215495,0.00695502
30.6,0.220875,0.00696856
30.8,0.225134,0.00699644
31,0.22648,0.00699786
31.2,0.223224,0.00698544
31.4,0.222498,0.00700238
31.6,0.226726,0.0070194
31.8,0.223482,0.00703272
32,0.220671,0.00702796
32.2,0.221063,0.00704458
32.4,0.218678,0.00705723
32.6,0.212887,0.00707361
32.8,0.213474,0.00713937
33,0.206409,0.00711467
33.2,0.205805,0.00712524
33.4,0.202874,0.00713631
33.6,0.198596,0.00712254
33.8,0.198898,0.00713045
34,0.202382,0.0071661
34.2,0.198928,0.00719535
34.4,0.198036,0.00723696
34.6,0.197825,0.00727456
34.8,0.191724,0.00729257
35,0.19348,0.00739363
35.2,0.188818,0.00741225
35.4,0.185251,0.00746675
35.6,0.181584,0.00744387
35.8,0.176841,0.00746047
36,0.172004,0.00748138
36.2,0.16939,0.0074745
36.4,0.153949,0.0073877
36.6,0.148245,0.00738198
36.8,0.14618,0.0073294
37,0.149537,0.00731732
37.2,0.14906,0.00731578
37.4,0.151222,0.00728164
37.6,0.153771,0.00729694
37.8,0.163301,0.00728448
38,0.170907,0.00729157
38.2,0.172318,0.00729687
38.4,0.163284,0.00722297
38.6,0.161782,0.00712807
38.8,0.163446,0.00705816
39,0.16101,0.00700177
39.2,0.152077,0.00690833
39.4,0.146166,0.00682249
39.6,0.143397,0.00675142
39.8,0.144198,0.00672657
40,0.141734,0.00668435
40.2,0.137679,0.00666871
40.4,0.132439,0.00660169
40.6,0.139361,0.00659857
40.8,0.135351,0.00652941
41,0.133597,0.00644298
41.2,0.132248,0.0064074
41.4,0.134022,0.00639791
41.6,0.13046,0.00633635
41.8,0.136288,0.00633861
42,0.130469,0.00629073
42.2,0.128056,0.00626112
42.4,0.124011,0.00629286
42.6,0.122993,0.00629411
42.8,0.117278,0.00624093
43,0.11581,0.0062233
43.2,0.110671,0.00615626
43.4,0.111099,0.00616049
43.6,0.115583,0.00623907
43.8,0.118174,0.00624078
44,0.121534,0.00620578
44.2,0.127607,0.00622671
44.4,0.130438,0.00625659
44.6,0.134527,0.00633737
44.8,0.136873,0.00638009
45,0.136446,0.00632522
45.2,0.136886,0.00631501
45.4,0.134055,0.00637842
45.6,0.134408,0.00640503
45.8,0.133873,0.00640917
46,0.137317,0.00642286
46.2,0.137661,0.00645156
46.4,0.140264,0.0064845
46.6,0.142096,0.00651425
46.8,0.146801,0.00650483
47,0.145586,0.00657014
47.2,0.14612,0.00663848
47.4,0.141395,0.0065921
47.6,0.141857,0.006654
47.8,0.142461,0.00671049
48,0.146803,0.00674569
48.2,0.151166,0.00683554
48.4,0.153832,0.00687516
48.6,0.156688,0.00695111
48.8,0.165889,0.00714074
49,0.175863,0.00720328
49.2,0.179008,0.00727508
49.4,0.187552,0.00744542
49.6,0.191398,0.00751485
49.8,0.19914,0.00761192
50,0.204461,0.00765585
50.2,0.205736,0.00766843
50.4,0.206147,0.00768789
50.6,0.208032,0.0077088
50.8,0.204974,0.00764169
51,0.205935,0.00769685
51.2,0.204731,0.00770326
51.4,0.203599,0.00773971
51.6,0.202138,0.00772872
51.8,0.197154,0.00777647
52,0.201643,0.00785805
52.2,0.205807,0.00792689
52.4,0.205941,0.00793339
52.6,0.204906,0.00793965
52.8,0.209739,0.00798062
53,0.208235,0.00797947
53.2,0.210196,0.00796677
53.4,0.205679,0.00792973
53.6,0.198168,0.00794777
53.8,0.194428,0.00791143
54,0.192542,0.00791045
54.2,0.183688,0.00777925
54.4,0.175623,0.00773102
54.6,0.168157,0.00772008
54.8,0.156457,0.00760685
55,0.14897,0.007458
55.2,0.137183,0.0073686
55.4,0.124183,0.00725632
55.6,0.115023,0.00724251
55.8,0.109993,0.00714901
56,0.101436,0.0070189
56.2,0.098101,0.00704437
56.4,0.08924,0.00695327
56.6,0.0879717,0.00695218
56.8,0.0878685,0.00695204
57,0.0881663,0.00687867
57.2,0.0856515,0.00700921
57.4,0.0864899,0.00708075
57.6,0.085868,0.00702177
57.8,0.0866668,0.00713263
58,0.0860495,0.00716856
58.2,0.085769,0.00721085
58.4,0.0854004,0.00729337
58.6,0.0827805,0.00728174
58.8,0.0899044,0.00737485
59,0.0931977,0.00746377
59.2,0.0997219,0.00752783
59.4,0.0968247,0.00751243
59.6,0.0988349,0.00757248
59.8,0.103632,0.00765045
60,0.111145,0.00768882
60.2,0.109056,0.00774021
60.4,0.112599,0.00780585
60.6,0.110443,0.00784354
60.8,0.120804,0.0079824
61,0.126175,0.00808644
61.2,0.126412,0.00824644
61.4,0.124015,0.00833788
61.6,0.125779,0.00842663
61.8,0.119398,0.0084916
62,0.132545,0.00868942
62.2,0.130684,0.00869251
62.4,0.13474,0.00876815
62.6,0.140821,0.00880161
62.8,0.156233,0.00890952
63,0.160181,0.00893348
63.2,0.171625,0.0090276
63.4,0.168051,0.00897549
63.6,0.167423,0.0090385
63.8,0.163787,0.00902283
64,0.168617,0.00900768
64.2,0.165384,0.00907773
64.4,0.164766,0.00906745
64.6,0.165894,0.00907941
64.8,0.168993,0.00917149
65,0.180817,0.00927729
65.2,0.185699,0.00939174
65.4,0.182368,0.0094834
65.6,0.180185,0.00939636
65.8,0.185166,0.0095359
66,0.192755,0.00970566
66.2,0.191397,0.00974749
66.4,0.197195,0.00992311
66.6,0.205981,0.0100709
66.8,0.206256,0.0101061
67,0.210615,0.0102566
67.2,0.219732,0.0102789
67.4,0.218478,0.0102618
67.6,0.225149,0.0102712
67.8,0.218026,0.0101751
68,0.214346,0.01014
68.2,0.214887,0.0101623
68.4,0.215558,0.0102516
68.6,0.211138,0.0103441
68.8,0.212568,0.0103871
69,0.214248,0.0105735
69.2,0.214165,0.0106719
69.4,0.214274,0.0107265
69.6,0.215258,0.0108336
69.8,0.21875,0.0108012
70,0.216019,0.0108042
70.2,0.214632,0.0108067
70.4,0.204029,0.0107215
70.6,0.207318,0.0106899
70.8,0.205877,0.0106554
71,0.211168,0.0106125
71.2,0.206547,0.0105926
71.4,0.203615,0.0105517
71.6,0.195106,0.0105274
71.8,0.195043,0.0104738
72,0.183526,0.0104423
72.2,0.175668,0.0103608
72.4,0.163525,0.0102184
72.6,0.15936,0.0102132
72.8,0.159412,0.0102985
73,0.160694,0.0102373
73.2,0.160496,0.0102621
73.4,0.16321,0.0102112
73.6,0.163246,0.0102563
73.8,0.161774,0.0103012
74,0.15728,0.0102528
74.2,0.148766,0.0101481
74.4,0.149791,0.0103237
74.6,0.151845,0.010393
74.8,0.154329,0.0105403
75,0.15029,0.0105826
75.2,0.153764,0.0107318
75.4,0.160648,0.0108314
75.6,0.165765,0.0108179
75.8,0.166981,0.010821
76,0.166965,0.0108254
76.2,0.163253,0.0107687
76.4,0.160133,0.0106702
76.6,0.158861,0.0106707
76.8,0.155262,0.0107382
77,0.151359,0.0107679
77.2,0.145857,0.0106581
77.4,0.142676,0.0107127
77.6,0.14201,0.0108087
77.8,0.149142,0.0109751
78,0.149916,0.0110945
78.2,0.147627,0.0110544
78.4,0.151483,0.011129
78.6,0.157515,0.0113513
78.8,0.152956,0.0113334
79,0.15955,0.0113426
79.2,0.15449,0.0113821
79.4,0.154679,0.0113572
79.6,0.160472,0.0113455
79.8,0.148052,0.0112973
80,0.138876,0.0110648
80.2,0.13653,0.010972
80.4,0.122998,0.0109099
80.6,0.126395,0.0108137
80.8,0.126743,0.0107618
81,0.117246,0.0107314
81.2,0.125599,0.0109318
81.4,0.123767,0.0110355
81.6,0.115779,0.0110019
81.8,0.107503,0.0108712
82,0.107895,0.0110755
82.2,0.103264,0.0111153
82.4,0.103533,0.0110749
82.6,0.0999797,0.0109648
82.8,0.101581,0.0109985
83,0.108887,0.0111171
83.2,0.116769,0.0113028
83.4,0.115847,0.0111909
83.6,0.117719,0.0113695
83.8,0.124514,0.0115773
84,0.12288,0.0114571
84.2,0.123124,0.0115319
84.4,0.120541,0.0115889
84.6,0.125806,0.0116105
84.8,0.117923,0.0116144
85,0.10643,0.0114769
85.2,0.097486,0.0113676
85.4,0.102654,0.0115192
85.6,0.101927,0.0115242
85.8,0.104808,0.0114548
86,0.103828,0.0114829
86.2,0.103112,0.0115874
86.4,0.10668,0.0115756
86.6,0.112313,0.0118317
86.8,0.112508,0.0119375
87,0.111356,0.0117654
87.2,0.108923,0.0119116
87.4,0.0978025,0.0117813
87.6,0.0971354,0.0116568
87.8,0.103538,0.0118141
88,0.0973646,0.0118208
88.2,0.0880454,0.0117774
88.4,0.088054,0.0120925
88.6,0.0914223,0.0122174
88.8,0.099065,0.0124808
89,0.10304,0.0125782
89.2,0.0899348,0.0125663
89.4,0.0829673,0.0122931
89.6,0.090207,0.0122869
89.8,0.0907439,0.0123553
90,0.0891162,0.0121047
90.2,0.0891292,0.0120272
90.4,0.0837366,0.012061
90.6,0.088313,0.0121808
90.8,0.10215,0.012385
91,0.101752,0.0125231
91.2,0.101949,0.0124557
91.4,0.100912,0.0127622
91.6,0.09731,0.0129741
91.8,0.102455,0.013075
92,0.105732,0.013141
92.2,0.0974838,0.0132236
92.4,0.0960009,0.0133206
92.6,0.0982307,0.0133433
92.8,0.104324,0.013486
93,0.111175,0.013284
93.2,0.115404,0.0134443
93.4,0.116061,0.0133676
93.6,0.120968,0.0133994
93.8,0.123197,0.0135555
94,0.123536,0.0136574
94.2,0.116985,0.013536
94.4,0.105644,0.0136267
94.6,0.101099,0.0134981
94.8,0.0987934,0.0134529
95,0.0954809,0.0134089
95.2,0.0923781,0.0131797
95.4,0.0875394,0.0131097
95.6,0.0881066,0.0132244
95.8,0.0951932,0.0132795
96,0.101915,0.0134886
96.2,0.106025,0.0135556
96.4,0.107731,0.0136968
96.6,0.103537,0.0137296
96.8,0.100496,0.0137039
97,0.112587,0.0136887
97.2,0.110708,0.0137363
97.4,0.106935,0.0134999
97.6,0.106788,0.0137792
97.8,0.1101,0.0138089
98,0.113882,0.0140053
98.2,0.123224,0.0145254
98.4,0.11325,0.0145475
98.6,0.111886,0.0146946
98.8,0.110022,0.0149469
99,0.107427,0.0148641
99.2,0.0962544,0.0147303
99.4,0.101704,0.0147507
99.6,0.0937543,0.014247
99.8,0.0914884,0.0143931
100,0.102369,0.0145409
100.2,0.101668,0.0144514
100.4,0.103771,0.0142875
100.6,0.113087,0.014516
100.8,0.113963,0.0145631
101,0.112593,0.014778
101.2,0.117387,0.0148816
101.4,0.108942,0.014736
101.6,0.111759,0.0149557
101.8,0.102427,0.0152517
102,0.0981394,0.015471
102.2,0.0877306,0.0155432
102.4,0.0921024,0.0158852
102.6,0.101712,0.016117
102.8,0.105241,0.016098
103,0.0963817,0.0160656
103.2,0.119227,0.0161751
103.4,0.127854,0.0161381
103.6,0.133911,0.0161169
103.8,0.143324,0.0161292
104,0.134707,0.0158277
104.2,0.137703,0.0161548
104.4,0.149829,0.0163761
104.6,0.136516,0.0164396
104.8,0.132125,0.0163777
105,0.140799,0.0167438
105.2,0.130378,0.0167758
105.4,0.127502,0.0171005
105.6,0.117668,0.0173596
105.8,0.119994,0.0174491
106,0.125967,0.0174635
106.2,0.13045,0.0178765
106.4,0.132408,0.0178257
106.6,0.136649,0.0177724
106.8,0.137988,0.0174456
107,0.148237,0.0173282
107.2,0.142282,0.0171994
107.4,0.148248,0.0173697
107.6,0.147236,0.0175282
107.8,0.153882,0.0178914
108,0.155935,0.0179876
108.2,0.157526,0.0183255
108.4,0.153124,0.0183248
108.6,0.158212,0.0184988
108.8,0.163428,0.0186501
109,0.167885,0.0185905
109.2,0.158171,0.0183955
109.4,0.161712,0.0186605
109.6,0.153801,0.0184981
109.8,0.158388,0.0181758
110,0.157238,0.0183626
110.2,0.142372,0.0182923
110.4,0.151823,0.0182037
110.6,0.152344,0.0180597
110.8,0.154452,0.018012
111,0.172529,0.0185872
111.2,0.170116,0.0191582
111.4,0.173665,0.0193228
111.6,0.179681,0.0195632
111.8,0.169049,0.0198721
112,0.171231,0.0202461
112.2,0.163132,0.0203197
112.4,0.150836,0.0199
112.6,0.157753,0.0195834
112.8,0.156396,0.0193597
113,0.153805,0.0188891
113.2,0.153672,0.0187112
113.4,0.153755,0.0183394
113.6,0.158595,0.0181168
113.8,0.158001,0.018166
114,0.157748,0.01851
114.2,0.154367,0.0188586
114.4,0.151092,0.0193027
114.6,0.16363,0.0193389
114.8,0.151536,0.0194688
115,0.156811,0.0197778
115.2,0.163448,0.019976
115.4,0.161816,0.020038
115.6,0.167803,0.0200737
115.8,0.183486,0.0202929
116,0.168744,0.0203952
116.2,0.189511,0.0207301
116.4,0.198183,0.0208215
116.6,0.21432,0.0211797
116.8,0.218959,0.0214698
117,0.228895,0.021598
117.2,0.224129,0.0216629
117.4,0.240991,0.0221002
117.6,0.239433,0.0222035
117.8,0.230681,0.0220931
118,0.223943,0.0221962
118.2,0.234639,0.0222436
118.4,0.235573,0.0220624
118.6,0.233755,0.02227
118.8,0.213841,0.0220929
119,0.209445,0.0216769
119.2,0.193129,0.0217387
119.4,0.189068,0.021711
119.6,0.177376,0.0213297
119.8,0.174826,0.0215981
120,0.168638,0.0212998
120.2,0.170901,0.0216066
120.4,0.166688,0.0217549
120.6,0.180077,0.0218035
120.8,0.178323,0.0217991
121,0.168288,0.0221062
121.2,0.168964,0.0224212
121.4,0.181023,0.0225633
121.6,0.199252,0.0225532
121.8,0.197355,0.0228936
122,0.206744,0.0234814
122.2,0.213195,0.023552
122.4,0.212648,0.0238872
122.6,0.197971,0.0233722
122.8,0.196972,0.0236419
123,0.197405,0.0238689
123.2,0.206344,0.0242222
123.4,0.194186,0.0237461
123.6,0.192601,0.0237126
123.8,0.204272,0.0233833
124,0.209969,0.0238258
124.2,0.198894,0.0237555
124.4,0.181483,0.0234938
124.6,0.156998,0.0234328
124.8,0.15924,0.023919
125,0.150106,0.0238719
125.2,0.148849,0.0243412
125.4,0.146531,0.0245607
125.6,0.150394,0.0245342
125.8,0.156809,0.0247258
126,0.156119,0.0242847
126.2,0.15509,0.0242279
126.4,0.15634,0.024383
126.6,0.155124,0.0244773
126.8,0.164201,0.0248389
127,0.168467,0.0250316
127.2,0.170275,0.0251848
127.4,0.187266,0.0256573
127.6,0.183113,0.0256366
127.8,0.171807,0.0257668
128,0.158194,0.0254043
128.2,0.138498,0.0248495
128.4,0.126532,0.024856
128.6,0.130459,0.0248934
128.8,0.138438,0.0254215
129,0.141018,0.0256073
129.2,0.141029,0.0253759
129.4,0.157335,0.0257655
129.6,0.16052,0.0257312
129.8,0.169439,0.0257159
130,0.154154,0.0257
130.2,0.127844,0.0251989
130.4,0.112958,0.0249753
130.6,0.110613,0.0250588
130.8,0.105836,0.0250212
131,0.118797,0.0247506
131.2,0.116759,0.0244763
131.4,0.12062,0.0241565
131.6,0.13553,0.0240339
131.8,0.148424,0.0241734
132,0.15398,0.024439
132.2,0.146454,0.024231
132.4,0.127302,0.0246501
132.6,0.105055,0.0246253
132.8,0.0973357,0.0247687
133,0.0907307,0.0246687
133.2,0.0822161,0.0241154
133.4,0.0734721,0.023497
133.6,0.0792268,0.022993
133.8,0.0850409,0.0226551
134,0.0932762,0.0227883
134.2,0.0866749,0.022637
134.4,0.0984014,0.0226106
134.6,0.103642,0.0229967
134.8,0.114695,0.0234534
135,0.107533,0.0236212
135.2,0.108444,0.0238686
135.4,0.113326,0.023873
135.6,0.109549,0.0234568
135.8,0.0972027,0.0238539
136,0.109104,0.0242828
136.2,0.1089,0.0250011
136.4,0.105185,0.0250985
136.6,0.0985067,0.0249872
136.8,0.0981783,0.0250314
137,0.112097,0.0254621
137.2,0.122055,0.0259004
137.4,0.115905,0.0259429
137.6,0.0970432,0.025085
137.8,0.102209,0.0256074
138,0.115432,0.0258416
138.2,0.123082,0.0261763
138.4,0.114383,0.0270218
138.6,0.120116,0.0271323
138.8,0.117734,0.0268235
139,0.123415,0.0273445
139.2,0.14405,0.0279327
139.4,0.142927,0.0281555
139.6,0.142758,0.0283226
139.8,0.160419,0.0272427
140,0.161074,0.0264591
140.2,0.161768,0.0271607
140.4,0.17287,0.02718
140.6,0.148255,0.0266372
140.8,0.13847,0.0263592
141,0.134414,0.0264906
141.2,0.124314,0.0277546
141.4,0.112458,0.028404
141.6,0.11417,0.027714
141.8,0.111704,0.0276625
142,0.108152,0.0272259
142.2,0.120334,0.0274765
142.4,0.125259,0.0276958
142.6,0.113728,0.026492
142.8,0.10014,0.0259117
143,0.0831582,0.0262653
143.2,0.086684,0.0261804
143.4,0.101691,0.0266212
143.6,0.105854,0.0270416
143.8,0.08838,0.0266092
144,0.101102,0.0266819
144.2,0.124357,0.0270604
144.4,0.14037,0.0269904
144.6,0.13233,0.0272508
144.8,0.132517,0.0272433
145,0.122997,0.0271068
145.2,0.129096,0.0273149
145.4,0.12155,0.0276536
145.6,0.117588,0.0284967
145.8,0.11804,0.0289703
146,0.121128,0.0290416
146.2,0.101765,0.0292837
146.4,0.0889625,0.0286775
146.6,0.0880251,0.0287427
146.8,0.0838883,0.0285037
147,0.0642867,0.027617
147.2,0.0555177,0.0275951
147.4,0.0567939,0.0273044
147.6,0.0649949,0.0273972
147.8,0.0839715,0.0283521
148,0.0839157,0.0279937
148.2,0.0976139,0.0282252
148.4,0.108079,0.0283826
148.6,0.0934881,0.0283055
148.8,0.0971728,0.0293658
149,0.112819,0.0292166
149.2,0.120393,0.0288113
149.4,0.11415,0.0285378
149.6,0.112529,0.0287659
149.8,0.106722,0.0288412
150,0.127026,0.0289062
150.2,0.131368,0.0288696
150.4,0.115281,0.0293072
150.6,0.0948527,0.0299409
150.8,0.0868292,0.031083
151,0.0908994,0.0311625
151.2,0.0980844,0.0307566
151.4,0.0914746,0.0306414
151.6,0.0800512,0.0298814
151.8,0.0708275,0.0291411
152,0.0690024,0.028526
152.2,0.0902389,0.0287629
152.4,0.0840522,0.0283986
152.6,0.0948729,0.0291998
152.8,0.107987,0.0301428
153,0.115044,0.0309866
153.2,0.116354,0.0314029
153.4,0.109098,0.0315005
153.6,0.103623,0.0301939
153.8,0.107101,0.0305385
154,0.0820001,0.0306995
154.2,0.0678947,0.0300821
154.4,0.080012,0.0304387
154.6,0.0869716,0.0303763
154.8,0.0869483,0.0297209
155,0.0738684,0.0299446
155.2,0.0609551,0.0297248
155.4,0.0668969,0.0294451
155.6,0.0387459,0.0292439
155.8,0.00672843,0.0282963
156,0.000555509,0.0289193
156.2,0.0178957,0.0296326
156.4,0.0401322,0.0301982
156.6,0.0520039,0.0303455
156.8,0.0605806,0.0298027
157,0.0984144,0.0295499
157.2,0.116418,0.0309863
157.4,0.13861,0.0312805
157.6,0.137885,0.0321888
157.8,0.126616,0.0323227
158,0.115626,0.0327395
158.2,0.0948945,0.0326272
158.4,0.080384,0.0331431
158.6,0.0690319,0.0325695
158.8,0.0450493,0.0317076
159,0.0304025,0.0311149
159.2,0.0320058,0.0312232
159.4,0.0249502,0.031167
159.6,0.0544935,0.0317009
159.8,0.0653115,0.0317919
160,0.0765215,0.0312741
160.2,0.0954082,0.0314102
160.4,0.108033,0.0314444
160.6,0.109105,0.0310728
160.8,0.127467,0.031411
161,0.113455,0.0314127
161.2,0.111388,0.0315946
161.4,0.11026,0.0320962
161.6,0.111113,0.0328628
161.8,0.111524,0.0330074
162,0.123439,0.0345617
162.2,0.130833,0.0353753
162.4,0.134342,0.0360833
162.6,0.166482,0.0372176
162.8,0.177707,0.0370991
163,0.177642,0.0365507
163.2,0.16907,0.0367144
163.4,0.156018,0.0360523
163.6,0.15283,0.0352909
163.8,0.162609,0.034841
164,0.140849,0.0341813
164.2,0.126794,0.0338569
164.4,0.0983806,0.0343337
164.6,0.096928,0.0345874
164.8,0.0989198,0.0344883
165,0.0886141,0.0350094
165.2,0.0627973,0.0347951
165.4,0.0372851,0.0335638
165.6,0.0398059,0.0338867
165.8,0.0588771,0.034668
166,0.0709387,0.0349062
166.2,0.0642144,0.0343009
166.4,0.0625785,0.0342193
166.6,0.0986213,0.0354835
166.8,0.0991507,0.0357164
167,0.104978,0.0354664
167.2,0.115806,0.0347975
167.4,0.114037,0.0342809
167.6,0.126205,0.0346247
167.8,0.130099,0.0341944
168,0.101153,0.0330486
168.2,0.113575,0.032822
168.4,0.107987,0.0330333
168.6,0.0975023,0.0322256
168.8,0.0799509,0.0324793
169,0.0682612,0.0328638
169.2,0.0514951,0.0335146
169.4,0.0396075,0.0339383
169.6,0.0316582,0.0346702
169.8,0.0389963,0.0345416
170,0.0446817,0.035267
170.2,0.0591795,0.0352117
170.4,0.0628016,0.0340061
170.6,0.0743549,0.0342457
170.8,0.0948017,0.0357268
171,0.106528,0.0364149
171.2,0.11604,0.0368822
171.4,0.10383,0.0366445
171.6,0.0844278,0.0364715
171.8,0.0845897,0.0370267
172,0.0776812,0.0359071
172.2,0.0820059,0.0349331
172.4,0.0785795,0.0343758
172.6,0.0754103,0.0356939
172.8,0.0928536,0.0368083
173,0.114696,0.0368547
173.2,0.13469,0.037498
173.4,0.134486,0.0387873
173.6,0.115779,0.0383636
173.8,0.124238,0.038224
174,0.118126,0.0368499
174.2,0.110147,0.035585
174.4,0.101841,0.0352339
174.6,0.0802893,0.0349254
174.8,0.0850009,0.0352193
175,0.0953161,0.0361527
175.2,0.100434,0.0362661
175.4,0.11391,0.0371893
175.6,0.116863,0.0384332
175.8,0.125438,0.0392546
176,0.132966,0.0388138
176.2,0.158854,0.0379517
176.4,0.167494,0.0378725
176.6,0.158304,0.0377389
176.8,0.141877,0.0374795
177,0.132158,0.0377277
177.2,0.128688,0.0375784
177.4,0.126151,0.0384221
177.6,0.113531,0.0381914
177.8,0.129031,0.0378405
178,0.141143,0.0380184
178.2,0.153394,0.037856
178.4,0.17381,0.0374425
178.6,0.170761,0.0379077
178.8,0.145009,0.0383293
179,0.128229,0.0384485
179.2,0.109411,0.0383209
179.4,0.0968751,0.0416766
179.6,0.0764546,0.0454887
179.8,0.0501832,0.0503805
179.95,0.0431781,0.0569983
2
0.8,0.0206449,0.000753592
1,0.024272,0.000792638
1.2,0.0273365,0.000821328
1.4,0.0301361,0.000843184
1.6,0.0302876,0.000848833
1.8,0.0321475,0.000862341
2,0.0351449,0.000893359
2.2,0.037582,0.00092732
2.4,0.0411913,0.000972436
2.6,0.0455676,0.00102472
2.8,0.0507362,0.00108483
3,0.0565068,0.00115009
3.2,0.0623626,0.00121245
3.4,0.0676386,0.00127829
3.6,0.0734152,0.00134371
3.8,0.080321,0.0014091
4,0.0878395,0.00147141
4.2,0.0964312,0.00153136
4.4,0.102062,0.00157699
4.6,0.108534,0.00161762
4.8,0.115258,0.0016509
5,0.122146,0.00167896
5.2,0.128269,0.00170785
5.4,0.134959,0.00174189
5.6,0.140087,0.00177704
5.8,0.149584,0.00182587
6,0.158776,0.00187728
6.2,0.168348,0.00193099
6.4,0.17676,0.00198644
6.6,0.185139,0.00203441
6.8,0.193667,0.00208177
7,0.203188,0.00212732
7.2,0.209964,0.00216464
7.4,0.217574,0.00220088
7.6,0.223852,0.0022294
7.8,0.22986,0.00225949
8,0.234229,0.00229266
8.2,0.237343,0.00232286
8.4,0.240244,0.00235361
8.6,0.242108,0.00238616
8.8,0.242386,0.00241781
9,0.244523,0.00245988
9.2,0.24741,0.00249958
9.4,0.250691,0.00253403
9.6,0.253778,0.00257333
9.8,0.259797,0.00262103
10,0.266742,0.00267709
10.2,0.274994,0.00273235
10.4,0.287322,0.00280106
10.6,0.306288,0.00290041
10.8,0.327395,0.00301463
11,0.351332,0.00313307
11.2,0.371691,0.0032417
11.4,0.390579,0.0033316
11.6,0.40507,0.00341274
11.8,0.409855,0.00346257
12,0.40594,0.00347341
12.2,0.396961,0.00347043
12.4,0.382654,0.00345109
12.6,0.368047,0.00342683
12.8,0.353042,0.00341001
13,0.342693,0.00341546
13.2,0.33482,0.00342352
13.4,0.328311,0.00344312
13.6,0.324596,0.00346335
13.8,0.323036,0.00349799
14,0.32146,0.00353816
14.2,0.321845,0.00357821
14.4,0.319586,0.00361413
14.6,0.321255,0.00366561
14.8,0.325473,0.00372405
15,0.327458,0.00378109
15.2,0.331685,0.00383555
15.4,0.330498,0.00387088
15.6,0.333675,0.00391725
15.8,0.33801,0.00395307
16,0.337795,0.0039909
16.2,0.334882,0.00402362
16.4,0.335147,0.00406215
16.6,0.334967,0.00410409
16.8,0.338955,0.00416073
17,0.338853,0.00420857
17.2,0.33681,0.00426972
17.4,0.338516,0.00433772
17.6,0.338266,0.0044007
17.8,0.338573,0.00446627
18,0.338878,0.00452771
18.2,0.337488,0.00459329
18.4,0.338132,0.00466953
18.6,0.339591,0.00473116
18.8,0.341803,0.0047952
19,0.340704,0.00485795
19.2,0.339925,0.00493077
19.4,0.336863,0.00498927
19.6,0.337004,0.00506191
19.8,0.334806,0.00510013
20,0.333809,0.00514837
20.2,0.333274,0.00517301
20.4,0.336684,0.00519928
20.6,0.337828,0.00520945
20.8,0.33931,0.0052225
21,0.341027,0.00522067
21.2,0.340947,0.00523951
21.4,0.338313,0.00524431
21.6,0.338329,0.00526123
21.8,0.333469,0.00526893
22,0.32855,0.00527218
22.2,0.325738,0.00528659
22.4,0.328128,0.00530183
22.6,0.330586,0.00531435
22.8,0.333992,0.00532646
23,0.331975,0.00533324
23.2,0.335507,0.00534947
23.4,0.34242,0.00536761
23.6,0.350078,0.00539349
23.8,0.349955,0.00541047
24,0.348419,0.00541354
24.2,0.349899,0.00542834
24.4,0.350306,0.0054481
24.6,0.353834,0.005459
24.8,0.350304,0.00547635
25,0.348944,0.00545792
25.2,0.352346,0.00545924
25.4,0.352974,0.00547795
25.6,0.355334,0.00549409
25.8,0.356414,0.00551046
26,0.357676,0.00554143
26.2,0.365591,0.0055767
26.4,0.369683,0.00563842
26.6,0.365922,0.00569852
26.8,0.374155,0.00575955
27,0.379351,0.00582705
27.2,0.383801,0.0058938
27.4,0.385738,0.00595619
27.6,0.384809,0.00600711
27.8,0.382765,0.00604013
28,0.385699,0.00604259
28.2,0.388639,0.00605186
28.4,0.384727,0.00603595
28.6,0.383418,0.00600608
28.8,0.383369,0.00596356
29,0.384302,0.00591649
29.2,0.384128,0.00587652
29.4,0.383977,0.00585392
29.6,0.375842,0.00582518
29.8,0.377644,0.00579996
30,0.379799,0.00578482
30.2,0.380545,0.00577766
30.4,0.377071,0.00576838
30.6,0.38081,0.00576571
30.8,0.380267,0.00575864
31,0.379218,0.00572895
31.2,0.376641,0.00571595
31.4,0.3707,0.00567988
31.6,0.370523,0.00567018
31.8,0.368212,0.00565873
32,0.363455,0.00563398
32.2,0.362357,0.0056291
32.4,0.362892,0.00564655
32.6,0.358295,0.00563423
32.8,0.358059,0.00566051
33,0.354925,0.00565775
33.2,0.352545,0.00565094
33.4,0.349595,0.00566707
33.6,0.345626,0.00565119
33.8,0.342894,0.0056425
34,0.341578,0.00566165
34.2,0.338447,0.00568298
34.4,0.33498,0.00569684
34.6,0.335811,0.00572356
34.8,0.331917,0.00573345
35,0.334643,0.00578292
35.2,0.330235,0.00580732
35.4,0.324894,0.00582851
35.6,0.321738,0.00582001
35.8,0.317514,0.00584893
36,0.310158,0.00587336
36.2,0.305982,0.00588821
36.4,0.292629,0.00587541
36.6,0.286265,0.00587523
36.8,0.286453,0.00587424
37,0.289909,0.00588701
37.2,0.285862,0.0058708
37.4,0.287616,0.00585276
37.6,0.286336,0.0058553
37.8,0.291035,0.00585059
38,0.294469,0.00585181
38.2,0.295967,0.00583838
38.4,0.287269,0.00580153
38.6,0.2865,0.00576068
38.8,0.285453,0.00571673
39,0.285484,0.00567678
39.2,0.274928,0.00561437
39.4,0.274281,0.00557213
39.6,0.272009,0.00552491
39.8,0.272855,0.00550898
40,0.269865,0.00548614
40.2,0.265897,0.00547481
40.4,0.262381,0.00544885
40.6,0.26719,0.00544167
40.8,0.260366,0.00540244
41,0.255099,0.00536895
41.2,0.252653,0.00535042
41.4,0.253353,0.00533387
41.6,0.24862,0.00528502
41.8,0.245806,0.0052513
42,0.243446,0.00522509
42.2,0.242644,0.00520736
42.4,0.23846,0.00520364
42.6,0.233855,0.00517087
42.8,0.224077,0.00514622
43,0.224153,0.00515393
43.2,0.219925,0.0051544
43.4,0.21768,0.00515512
43.6,0.21641,0.00516247
43.8,0.213402,0.00514433
44,0.213391,0.00513487
44.2,0.219075,0.0051489
44.4,0.219738,0.00516756
44.6,0.221988,0.00518828
44.8,0.22251,0.00520655
45,0.223747,0.00520608
45.2,0.22096,0.00521429
45.4,0.216619,0.00523381
45.6,0.217151,0.00523502
45.8,0.215205,0.0052387
46,0.214345,0.00522874
46.2,0.214711,0.00523664
46.4,0.214104,0.00524439
46.6,0.219903,0.00526955
46.8,0.224199,0.00528421
47,0.223226,0.00531202
47.2,0.226329,0.00535045
47.4,0.228118,0.00537207
47.6,0.230104,0.0054101
47.8,0.234061,0.00545537
48,0.238504,0.00548437
48.2,0.242438,0.00551852
48.4,0.243617,0.0055487
48.6,0.246215,0.00559174
48.8,0.252868,0.00565411
49,0.258473,0.00569571
49.2,0.265283,0.00573724
49.4,0.273972,0.00581535
49.6,0.281176,0.00587599
49.8,0.292343,0.00594738
50,0.299842,0.0059749
50.2,0.306241,0.00603102
50.4,0.31243,0.00607947
50.6,0.311281,0.00611777
50.8,0.311347,0.00613712
51,0.315775,0.00618417
51.2,0.318126,0.00622457
51.4,0.31731,0.00627868
51.6,0.318276,0.00630861
51.8,0.316567,0.00632744
52,0.322039,0.00637653
52.2,0.320941,0.00638106
52.4,0.319598,0.0063848
52.6,0.316104,0.00638951
52.8,0.319607,0.00639074
53,0.314116,0.00636956
53.2,0.311368,0.00637186
53.4,0.306161,0.00636054
53.6,0.303176,0.0063719
53.8,0.297796,0.00636996
54,0.293545,0.00634119
54.2,0.279277,0.00629221
54.4,0.267421,0.00624357
54.6,0.254618,0.0061941
54.8,0.239374,0.00611427
55,0.22869,0.00606719
55.2,0.211901,0.00598486
55.4,0.195333,0.00590063
55.6,0.181751,0.00583702
55.8,0.17059,0.00576068
56,0.159377,0.00569784
56.2,0.150211,0.00565636
56.4,0.136331,0.00556239
56.6,0.131792,0.0055361
56.8,0.12762,0.00549765
57,0.126123,0.00547699
57.2,0.123691,0.00549432
57.4,0.121346,0.00549407
57.6,0.123877,0.00549016
57.8,0.125718,0.00551456
58,0.123935,0.0055308
58.2,0.126075,0.00559538
58.4,0.127212,0.00560581
58.6,0.125642,0.00561797
58.8,0.131417,0.00568759
59,0.133915,0.00575431
59.2,0.140326,0.00581872
59.4,0.142243,0.00581981
59.6,0.143515,0.00585558
59.8,0.147696,0.00591935
60,0.157984,0.00599156
60.2,0.161383,0.00603247
60.4,0.160862,0.00603292
60.6,0.155816,0.00605203
60.8,0.165018,0.00611597
61,0.167989,0.00612651
61.2,0.171561,0.00618225
61.4,0.166452,0.00620389
61.6,0.167181,0.00622976
61.8,0.170502,0.00630818
62,0.185824,0.00639055
62.2,0.183779,0.00641132
62.4,0.188175,0.00647524
62.6,0.192692,0.00651935
62.8,0.20538,0.00656681
63,0.213681,0.00661125
63.2,0.217894,0.00662683
63.4,0.218279,0.00666985
63.6,0.223157,0.00673538
63.8,0.222415,0.0067695
64,0.226831,0.00677814
64.2,0.2289,0.00685418
64.4,0.226057,0.0068732
64.6,0.228406,0.00696047
64.8,0.231722,0.00700727
65,0.236096,0.00705558
65.2,0.243668,0.00711304
65.4,0.244359,0.00718212
65.6,0.246231,0.00718854
65.8,0.249722,0.00725783
66,0.259718,0.00729412
66.2,0.2592,0.00733024
66.4,0.261102,0.00741455
66.6,0.264646,0.0074814
66.8,0.268416,0.00754594
67,0.269785,0.00761166
67.2,0.278812,0.00764256
67.4,0.277339,0.00766656
67.6,0.280244,0.00766457
67.8,0.285847,0.00770863
68,0.289299,0.00773221
68.2,0.289632,0.00774625
68.4,0.291588,0.00779119
68.6,0.289861,0.00784316
68.8,0.290017,0.00784806
69,0.28971,0.00791458
69.2,0.282989,0.0078649
69.4,0.276851,0.00783772
69.6,0.271044,0.0078499
69.8,0.271526,0.00784937
70,0.26897,0.00786136
70.2,0.264694,0.00789383
70.4,0.261107,0.00789666
70.6,0.263705,0.00794801
70.8,0.265777,0.0079797
71,0.267512,0.00798318
71.2,0.265745,0.00797764
71.4,0.265286,0.0079907
71.6,0.260145,0.00795465
71.8,0.25578,0.00790969
72,0.242943,0.00783218
72.2,0.236318,0.00779724
72.4,0.228051,0.00774833
72.6,0.219216,0.00771824
72.8,0.209871,0.00763042
73,0.206157,0.00757078
73.2,0.200967,0.00757569
73.4,0.201278,0.00755021
73.6,0.196817,0.00756986
73.8,0.197887,0.00758293
74,0.19396,0.00754293
74.2,0.192771,0.00758838
74.4,0.196113,0.00770895
74.6,0.199991,0.00775499
74.8,0.203941,0.00786177
75,0.20516,0.00792415
75.2,0.206698,0.00798689
75.4,0.211978,0.00805922
75.6,0.211275,0.00806749
75.8,0.214404,0.00815896
76,0.215939,0.00818522
76.2,0.219297,0.00817872
76.4,0.220421,0.00815638
76.6,0.2245,0.00820354
76.8,0.226007,0.00828515
77,0.23062,0.00833949
77.2,0.225016,0.00827587
77.4,0.220771,0.00829444
77.6,0.222358,0.0083974
77.8,0.224202,0.00842251
78,0.218445,0.00842519
78.2,0.214656,0.00839299
78.4,0.218269,0.00841232
78.6,0.227686,0.00845582
78.8,0.227199,0.00847245
79,0.224041,0.00840499
79.2,0.222467,0.00845797
79.4,0.2269,0.00844382
79.6,0.226956,0.00839426
79.8,0.213769,0.00833556
80,0.202925,0.00822405
80.2,0.199919,0.00814933
80.4,0.189998,0.00812444
80.6,0.186786,0.00807048
80.8,0.180276,0.00805106
81,0.171127,0.00804496
81.2,0.173044,0.00806744
81.4,0.168885,0.00809458
81.6,0.160225,0.00808005
81.8,0.153839,0.00801052
82,0.151154,0.00807134
82.2,0.14802,0.00809928
82.4,0.14621,0.00806004
82.6,0.140601,0.00802664
82.8,0.134406,0.00798189
83,0.140655,0.00802672
83.2,0.143354,0.00810095
83.4,0.141565,0.00804604
83.6,0.140448,0.00806202
83.8,0.143346,0.00817196
84,0.141637,0.00813295
84.2,0.145156,0.00821395
84.4,0.143264,0.00826506
84.6,0.143416,0.00827177
84.8,0.138319,0.00829181
85,0.130833,0.00828036
85.2,0.127825,0.00827696
85.4,0.138663,0.00843462
85.6,0.140355,0.0084046
85.8,0.1372,0.00839498
86,0.139423,0.00846544
86.2,0.141316,0.00855019
86.4,0.142568,0.00857583
86.6,0.145865,0.00867766
86.8,0.142357,0.00869364
87,0.137445,0.00870368
87.2,0.136315,0.00872129
87.4,0.125422,0.00864935
87.6,0.120228,0.00852794
87.8,0.126029,0.00860213
88,0.126106,0.00862413
88.2,0.12227,0.0086341
88.4,0.128857,0.00877957
88.6,0.130687,0.00883454
88.8,0.140819,0.00894809
89,0.143518,0.00902526
89.2,0.135223,0.00896854
89.4,0.130584,0.00887246
89.6,0.131553,0.00886005
89.8,0.128043,0.00890024
90,0.128704,0.00887615
90.2,0.126002,0.00886887
90.4,0.127314,0.00896643
90.6,0.134652,0.00909586
90.8,0.133537,0.00912209
91,0.129918,0.00918023
91.2,0.128505,0.00911304
91.4,0.123219,0.00915208
91.6,0.123275,0.00926956
91.8,0.12206,0.00924154
92,0.120528,0.00922687
92.2,0.119805,0.00927601
92.4,0.116735,0.0092405
92.6,0.120789,0.00932004
92.8,0.129028,0.00944636
93,0.131474,0.00939659
93.2,0.133606,0.00946084
93.4,0.131438,0.00950961
93.6,0.134829,0.00959284
93.8,0.143731,0.00973583
94,0.145333,0.00976513
94.2,0.14407,0.00973541
94.4,0.139396,0.00982781
94.6,0.142493,0.00985277
94.8,0.146803,0.00984895
95,0.149886,0.00985406
95.2,0.150285,0.00984084
95.4,0.146521,0.00988353
95.6,0.149327,0.00998509
95.8,0.151946,0.00989124
96,0.148098,0.0099331
96.2,0.145008,0.00995025
96.4,0.146697,0.0100286
96.6,0.136982,0.0099661
96.8,0.129791,0.00988468
97,0.133806,0.00991785
97.2,0.137064,0.0100837
97.4,0.138218,0.0100256
97.6,0.137218,0.010057
97.8,0.133486,0.0101057
98,0.135734,0.0101991
98.2,0.143534,0.0103732
98.4,0.137042,0.0102968
98.6,0.129016,0.0102247
98.8,0.123375,0.0103055
99,0.124124,0.0104001
99.2,0.116947,0.0103678
99.4,0.122731,0.0105238
99.6,0.11677,0.0104691
99.8,0.108866,0.0105881
100,0.11958,0.0107323
100.2,0.124073,0.0107985
100.4,0.126144,0.0107789
100.6,0.127174,0.010772
100.8,0.123483,0.0106668
101,0.126439,0.0106443
101.2,0.136378,0.0107025
101.4,0.127037,0.0106607
101.6,0.123294,0.0106943
101.8,0.121784,0.0108128
102,0.126499,0.0109631
102.2,0.12637,0.0110553
102.4,0.127317,0.011226
102.6,0.122897,0.0112303
102.8,0.127495,0.0112312
103,0.128882,0.0112162
103.2,0.136911,0.011151
103.4,0.136488,0.0110951
103.6,0.131099,0.0110681
103.8,0.13085,0.0110603
104,0.131167,0.0110181
104.2,0.130614,0.0110332
104.4,0.132891,0.0111008
104.6,0.121489,0.0112307
104.8,0.124231,0.0112733
105,0.132444,0.0114671
105.2,0.133991,0.011578
105.4,0.135369,0.0116928
105.6,0.138108,0.0119499
105.8,0.142325,0.0120601
106,0.150032,0.0120898
106.2,0.151483,0.0122769
106.4,0.162069,0.012323
106.6,0.164179,0.01238
106.8,0.161961,0.0123639
107,0.168659,0.0123417
107.2,0.174663,0.0124545
107.4,0.182978,0.0125549
107.6,0.185898,0.0125798
107.8,0.181133,0.0126438
108,0.189678,0.0127137
108.2,0.195695,0.0128501
108.4,0.191841,0.0130154
108.6,0.189857,0.0131741
108.8,0.188629,0.0132441
109,0.192995,0.0133404
109.2,0.195822,0.0134012
109.4,0.198964,0.0136518
109.6,0.2049,0.0137316
109.8,0.204646,0.0135138
110,0.202199,0.0134331
110.2,0.201644,0.0134479
110.4,0.205077,0.0134251
110.6,0.203365,0.0133528
110.8,0.201255,0.0132234
111,0.203099,0.0133616
111.2,0.212021,0.0136261
111.4,0.221087,0.0137394
111.6,0.221135,0.0138597
111.8,0.211998,0.0140818
112,0.21356,0.014205
112.2,0.209813,0.0143451
112.4,0.210136,0.0142931
112.6,0.203108,0.0141639
112.8,0.196893,0.0141308
113,0.190265,0.0139792
113.2,0.192812,0.01387
113.4,0.192962,0.0138975
113.6,0.195696,0.0138119
113.8,0.191762,0.0138256
114,0.194035,0.014006
114.2,0.190751,0.0140276
114.4,0.197251,0.0142386
114.6,0.203024,0.0141729
114.8,0.194076,0.0141776
115,0.190748,0.0143723
115.2,0.191785,0.0145299
115.4,0.19494,0.0146082
115.6,0.197933,0.0147535
115.8,0.195711,0.0147319
116,0.195239,0.0149706
116.2,0.208595,0.0150456
116.4,0.215282,0.0149561
116.6,0.225947,0.0150565
116.8,0.227759,0.0151107
117,0.229399,0.0151508
117.2,0.240488,0.0154011
117.4,0.250787,0.0154688
117.6,0.253639,0.0156743
117.8,0.24788,0.0157706
118,0.244234,0.0157714
118.2,0.243396,0.0158799
118.4,0.245379,0.015968
118.6,0.243345,0.0160291
118.8,0.237738,0.0161415
119,0.227274,0.0160701
119.2,0.227504,0.0160779
119.4,0.233597,0.0162286
119.6,0.241739,0.0161713
119.8,0.25255,0.0162092
120,0.251756,0.0161262
120.2,0.249497,0.0161419
120.4,0.257546,0.0161265
120.6,0.256053,0.0161272
120.8,0.250059,0.0160253
121,0.243055,0.0162713
121.2,0.239026,0.0165034
121.4,0.236584,0.016547
121.6,0.23924,0.0165548
121.8,0.235854,0.0166524
122,0.244868,0.0168517
122.2,0.243132,0.0168576
122.4,0.237379,0.0168551
122.6,0.220919,0.0165131
122.8,0.223389,0.0165382
123,0.224361,0.016713
123.2,0.218301,0.0168931
123.4,0.2098,0.0167729
123.6,0.204844,0.0169581
123.8,0.218507,0.0169917
124,0.229466,0.0173159
124.2,0.220284,0.0174061
124.4,0.213119,0.0172851
124.6,0.210257,0.0173605
124.8,0.214456,0.0175203
125,0.217102,0.017379
125.2,0.205706,0.0173477
125.4,0.199248,0.0173074
125.6,0.200527,0.0172596
125.8,0.204465,0.0173765
126,0.197346,0.0170802
126.2,0.193236,0.0170585
126.4,0.189963,0.0171259
126.6,0.187501,0.0170912
126.8,0.187206,0.0172317
127,0.18646,0.0174282
127.2,0.172217,0.0173799
127.4,0.182145,0.0175387
127.6,0.182499,0.0176783
127.8,0.17837,0.0178633
128,0.182614,0.0179736
128.2,0.191109,0.0179727
128.4,0.190788,0.0178881
128.6,0.19442,0.0180018
128.8,0.197308,0.0183195
129,0.198189,0.0183659
129.2,0.199709,0.018123
129.4,0.193745,0.0179757
129.6,0.17513,0.017775
129.8,0.175499,0.0179412
130,0.175239,0.0179684
130.2,0.158111,0.0177612
130.4,0.146612,0.0175775
130.6,0.137352,0.017611
130.8,0.133488,0.017689
131,0.143613,0.0176631
131.2,0.136761,0.0172933
131.4,0.140294,0.0170889
131.6,0.150299,0.0169338
131.8,0.147706,0.0167993
132,0.154235,0.0169393
132.2,0.156233,0.0169022
132.4,0.144423,0.0169517
132.6,0.124761,0.0170377
132.8,0.119867,0.0171462
133,0.125088,0.0172821
133.2,0.131187,0.0175938
133.4,0.121853,0.0175484
133.6,0.11605,0.0174212
133.8,0.112971,0.0173093
134,0.132918,0.0175303
134.2,0.123975,0.0174527
134.4,0.113349,0.0172969
134.6,0.110564,0.0171503
134.8,0.118693,0.0171212
135,0.123033,0.0172147
135.2,0.131641,0.0175285
135.4,0.136045,0.0174934
135.6,0.138305,0.0174159
135.8,0.142152,0.0177442
136,0.160789,0.0180375
136.2,0.157701,0.018161
136.4,0.149674,0.0182459
136.6,0.145947,0.0182035
136.8,0.134012,0.0182849
137,0.137191,0.0185187
137.2,0.127614,0.0185634
137.4,0.111644,0.0184325
137.6,0.0970828,0.018381
137.8,0.104863,0.0186333
138,0.117462,0.0188418
138.2,0.125826,0.0188569
138.4,0.122678,0.0190018
138.6,0.133918,0.0189906
138.8,0.126104,0.0189572
139,0.137695,0.0192487
139.2,0.149325,0.0193253
139.4,0.14026,0.0192282
139.6,0.141125,0.0191458
139.8,0.151235,0.0190172
140,0.154202,0.0186345
140.2,0.170336,0.0188939
140.4,0.178118,0.0187547
140.6,0.159924,0.018728
140.8,0.163622,0.0185235
141,0.165672,0.0186036
141.2,0.161712,0.0186939
141.4,0.159221,0.0191183
141.6,0.145443,0.0186647
141.8,0.138239,0.0186862
142,0.136158,0.0186349
142.2,0.125517,0.0188095
142.4,0.118303,0.0188473
142.6,0.110063,0.0186978
142.8,0.106392,0.0184536
143,0.110476,0.0187618
143.2,0.114775,0.0186962
143.4,0.124163,0.0187506
143.6,0.13555,0.0190352
143.8,0.12903,0.0188758
144,0.136639,0.0189838
144.2,0.144282,0.0192228
144.4,0.149659,0.0192726
144.6,0.145747,0.0193938
144.8,0.14848,0.0194815
145,0.137903,0.0193304
145.2,0.148076,0.0197536
145.4,0.149363,0.0198527
145.6,0.146536,0.0200284
145.8,0.140615,0.0201197
146,0.14289,0.0201988
146.2,0.134223,0.0202067
146.4,0.145849,0.0202393
146.6,0.150501,0.0202664
146.8,0.141836,0.0201413
147,0.127598,0.0198859
147.2,0.127839,0.0200237
147.4,0.120164,0.0199589
147.6,0.112743,0.0199422
147.8,0.103417,0.0198856
148,0.0984076,0.0197701
148.2,0.110221,0.0198583
148.4,0.122631,0.0200886
148.6,0.109165,0.0199788
148.8,0.108017,0.020175
149,0.122302,0.0202934
149.2,0.13574,0.0204774
149.4,0.121636,0.0203605
149.6,0.110799,0.0204485
149.8,0.0985878,0.0202676
150,0.112934,0.0203136
150.2,0.125054,0.0205663
150.4,0.123803,0.0207538
150.6,0.110282,0.0208419
150.8,0.106608,0.021293
151,0.116439,0.0212382
151.2,0.122227,0.0211706
151.4,0.110975,0.0209804
151.6,0.105509,0.0206798
151.8,0.0968862,0.0204787
152,0.09266,0.0203513
152.2,0.106746,0.0203022
152.4,0.107161,0.0203792
152.6,0.122788,0.020861
152.8,0.133766,0.0212061
153,0.130276,0.0214811
153.2,0.127915,0.0215045
153.4,0.133388,0.0216155
153.6,0.136505,0.0215584
153.8,0.130212,0.0214503
154,0.115345,0.0214484
154.2,0.108045,0.021453
154.4,0.122995,0.0215308
154.6,0.137733,0.0217166
154.8,0.139379,0.021942
155,0.126205,0.021841
155.2,0.125785,0.022113
155.4,0.124204,0.022095
155.6,0.102093,0.0222654
155.8,0.0872535,0.0223352
156,0.0758809,0.022444
156.2,0.0756095,0.0223155
156.4,0.0848088,0.0223576
156.6,0.0858978,0.0223102
156.8,0.0783144,0.0224194
157,0.113833,0.0222966
157.2,0.110745,0.022451
157.4,0.108422,0.0225001
157.6,0.112565,0.0229475
157.8,0.122706,0.0233032
158,0.11565,0.0234769
158.2,0.122557,0.0230947
158.4,0.105715,0.0228245
158.6,0.110851,0.0225666
158.8,0.11474,0.0222318
159,0.105308,0.0216944
159.2,0.0922248,0.021557
159.4,0.0911705,0.0216529
159.6,0.101523,0.0220178
159.8,0.109038,0.0223982
160,0.112426,0.0224987
160.2,0.111796,0.0225073
160.4,0.120479,0.0226842
160.6,0.119018,0.0224226
160.8,0.129813,0.0224333
161,0.125852,0.0224756
161.2,0.128537,0.0227741
161.4,0.126306,0.0229269
161.6,0.130168,0.0233656
161.8,0.122252,0.0235278
162,0.134092,0.0239754
162.2,0.130255,0.0242761
162.4,0.121152,0.024664
162.6,0.13038,0.0248862
162.8,0.133487,0.024462
163,0.13613,0.0241853
163.2,0.134168,0.0240787
163.4,0.120753,0.024079
163.6,0.128441,0.0237228
163.8,0.145914,0.0237343
164,0.138432,0.0234855
164.2,0.129179,0.0238426
164.4,0.120555,0.0244633
164.6,0.118925,0.0246674
164.8,0.120424,0.0247311
165,0.100657,0.0249775
165.2,0.0794164,0.0247659
165.4,0.0693837,0.024805
165.6,0.0758338,0.0250626
165.8,0.0782736,0.0248126
166,0.0879751,0.0247796
166.2,0.0864776,0.0245914
166.4,0.0909085,0.0245106
166.6,0.113507,0.0246924
166.8,0.112682,0.0243526
167,0.115365,0.0241295
167.2,0.122811,0.0242106
167.4,0.118429,0.0243212
167.6,0.124237,0.0244068
167.8,0.13916,0.024566
168,0.126809,0.0242883
168.2,0.14028,0.0245158
168.4,0.1365,0.024676
168.6,0.124918,0.0245113
168.8,0.110038,0.0244872
169,0.106604,0.0247583
169.2,0.0874375,0.0250384
169.4,0.0741584,0.0249676
169.6,0.0543317,0.0251464
169.8,0.0523804,0.0249215
170,0.0602312,0.0255067
170.2,0.0801083,0.0257203
170.4,0.0926872,0.0255162
170.6,0.1108,0.0258204
170.8,0.127553,0.0263606
171,0.138142,0.0264317
171.2,0.14614,0.0266632
171.4,0.138084,0.0261802
171.6,0.131567,0.0260856
171.8,0.125569,0.0261808
172,0.1141,0.0257296
172.2,0.106603,0.0255222
172.4,0.103364,0.025495
172.6,0.100161,0.0256277
172.8,0.111515,0.025757
173,0.11206,0.0255211
173.2,0.113392,0.0258282
173.4,0.125745,0.0263683
173.6,0.105258,0.026361
173.8,0.113457,0.0262754
174,0.114231,0.0261045
174.2,0.111401,0.0258943
174.4,0.115381,0.0259163
174.6,0.112342,0.0255644
174.8,0.0943016,0.0254265
175,0.118081,0.0257505
175.2,0.125518,0.0261684
175.4,0.133689,0.0265599
175.6,0.126237,0.0269801
175.8,0.126689,0.0273741
176,0.143048,0.0276324
176.2,0.174863,0.0276514
176.4,0.189877,0.0273964
176.6,0.179194,0.0267034
176.8,0.160136,0.0262172
177,0.165783,0.026278
177.2,0.156561,0.0260307
177.4,0.133419,0.026038
177.6,0.120916,0.025749
177.8,0.115588,0.0258408
178,0.133168,0.0264717
178.2,0.142353,0.0266786
178.4,0.143915,0.0267593
178.6,0.141296,0.0269889
178.8,0.143496,0.0272739
179,0.144969,0.027558
179.2,0.132567,0.0276384
179.4,0.106011,0.0296633
179.6,0.102178,0.0326778
179.8,0.095174,0.0362632
179.95,0.107482,0.0416182
