# X , Y , E Distribution=true
0
0.8,0.035585,0.000689713
1,0.0429609,0.000735455
1.2,0.0494069,0.000771141
1.4,0.0552632,0.000803154
1.6,0.0591853,0.000837771
1.8,0.0634284,0.000875678
2,0.0684158,0.000925128
2.2,0.0725045,0.000974499
2.4,0.0778684,0.0010334
2.6,0.0853827,0.00109822
2.8,0.0944251,0.00116268
3,0.10266,0.00122528
3.2,0.110954,0.00128695
3.4,0.120514,0.00135055
3.6,0.130727,0.00141319
3.8,0.139455,0.00147438
4,0.147092,0.00153458
4.2,0.155355,0.00159253
4.4,0.162716,0.00164741
4.6,0.170668,0.00170449
4.8,0.179115,0.00175794
5,0.186369,0.00180879
5.2,0.196593,0.00186125
5.4,0.208595,0.00192125
5.6,0.217934,0.00198362
5.8,0.229253,0.0020515
6,0.241904,0.00211545
6.2,0.253304,0.00218183
6.4,0.264481,0.00225019
6.6,0.274868,0.00231383
6.8,0.283576,0.00237279
7,0.292922,0.00242385
7.2,0.30348,0.00247213
7.4,0.312133,0.00252034
7.6,0.320974,0.00256264
7.8,0.326581,0.00259738
8,0.333636,0.00264108
8.2,0.339061,0.0026837
8.4,0.345905,0.00273144
8.6,0.348356,0.00277421
8.8,0.350037,0.00281668
9,0.351574,0.00286493
9.2,0.353022,0.00291325
9.4,0.356253,0.00296031
9.6,0.35854,0.00301165
9.8,0.362942,0.00306299
10,0.366285,0.00311574
10.2,0.376335,0.00318382
10.4,0.385915,0.00325794
10.6,0.402313,0.00335182
10.8,0.418774,0.00345228
11,0.43703,0.00356219
11.2,0.452557,0.00366625
11.4,0.46941,0.00376006
11.6,0.479491,0.00383567
11.8,0.484344,0.00388715
12,0.484307,0.00392319
12.2,0.476627,0.0039332
12.4,0.46929,0.00393232
12.6,0.462376,0.00393166
12.8,0.456611,0.00394544
13,0.447743,0.00396283
13.2,0.442266,0.0039885
13.4,0.434747,0.00402043
13.6,0.434253,0.00406799
13.8,0.429916,0.00411237
14,0.427692,0.00416639
14.2,0.424509,0.00421602
14.4,0.425715,0.00427277
14.6,0.424015,0.00433834
14.8,0.4326,0.00441443
15,0.433314,0.00448109
15.2,0.43722,0.00454331
15.4,0.436142,0.00459555
15.6,0.440512,0.0046583
15.8,0.442138,0.00473191
16,0.446978,0.0047898
16.2,0.443081,0.00483542
16.4,0.44251,0.00489162
16.6,0.441073,0.00495333
16.8,0.441598,0.00503091
17,0.435596,0.00510604
17.2,0.435626,0.00516388
17.4,0.434397,0.00524546
17.6,0.438674,0.00534583
17.8,0.443928,0.00544108
18,0.446847,0.00554027
18.2,0.451814,0.00563618
18.4,0.455584,0.00573963
18.6,0.456921,0.00585249
18.8,0.460225,0.00595842
19,0.455648,0.00605964
19.2,0.45089,0.0061767
19.4,0.451201,0.00628146
19.6,0.453467,0.00638545
19.8,0.457598,0.00646628
20,0.45382,0.00653742
20.2,0.454555,0.00659284
20.4,0.455843,0.00663158
20.6,0.458113,0.00665906
20.8,0.459625,0.00668396
21,0.456781,0.00671585
21.2,0.456474,0.00674137
21.4,0.457034,0.00675934
21.6,0.460733,0.00678399
21.8,0.458584,0.00681064
22,0.460355,0.00683988
22.2,0.461149,0.00687177
22.4,0.45992,0.00689395
22.6,0.458428,0.00692534
22.8,0.455974,0.00694013
23,0.452307,0.00696839
23.2,0.45321,0.00700063
23.4,0.448712,0.00701496
23.6,0.448641,0.00704725
23.8,0.451639,0.00706421
24,0.452853,0.00710173
24.2,0.462341,0.00714324
24.4,0.464485,0.00717525
24.6,0.468382,0.00718126
24.8,0.473796,0.00721316
25,0.473521,0.00721734
25.2,0.47455,0.00724736
25.4,0.475042,0.00725483
25.6,0.476789,0.00728108
25.8,0.478247,0.00730761
26,0.482728,0.00738358
26.2,0.489435,0.00745548
26.4,0.49579,0.00753233
26.6,0.498944,0.00760244
26.8,0.497298,0.00767459
27,0.497269,0.00777224
27.2,0.500708,0.00787454
27.4,0.500374,0.00793066
27.6,0.496608,0.00798237
27.8,0.495604,0.00802804
28,0.491052,0.00806698
28.2,0.501321,0.00810186
28.4,0.501956,0.0080929
28.6,0.49325,0.00805828
28.8,0.495524,0.00803337
29,0.493473,0.00800361
29.2,0.500694,0.00799261
29.4,0.501157,0.00794318
29.6,0.493709,0.00787701
29.8,0.488056,0.00783634
30,0.489649,0.00781988
30.2,0.484945,0.00778901
30.4,0.47907,0.00775216
30.6,0.469228,0.00770671
30.8,0.466655,0.0076845
31,0.463695,0.00767238
31.2,0.464972,0.00765952
31.4,0.471343,0.00764303
31.6,0.470881,0.00764972
31.8,0.468609,0.00761539
32,0.463613,0.00758946
32.2,0.461529,0.00759064
32.4,0.463238,0.00761035
32.6,0.466759,0.00761835
32.8,0.46136,0.0076318
33,0.458587,0.00763061
33.2,0.46499,0.00768494
33.4,0.462091,0.00768705
33.6,0.463028,0.00771318
33.8,0.459386,0.00771784
34,0.452566,0.00771218
34.2,0.45165,0.00771726
34.4,0.449704,0.00775112
34.6,0.443154,0.00775176
34.8,0.443816,0.00781746
35,0.442247,0.00783597
35.2,0.44192,0.00786854
35.4,0.437325,0.00789864
35.6,0.431195,0.00792701
35.8,0.424491,0.00793709
36,0.4208,0.00796526
36.2,0.410563,0.00794994
36.4,0.399572,0.00794242
36.6,0.393973,0.00795729
36.8,0.389266,0.00798196
37,0.388022,0.00797101
37.2,0.391216,0.00799375
37.4,0.392887,0.00800512
37.6,0.394926,0.00802182
37.8,0.397099,0.00803676
38,0.397872,0.00805544
38.2,0.39864,0.008036
38.4,0.398009,0.00805991
38.6,0.391817,0.00801977
38.8,0.383769,0.00799689
39,0.383369,0.00799139
39.2,0.380291,0.00795824
39.4,0.372556,0.00791705
39.6,0.369654,0.00792044
39.8,0.363738,0.00786569
40,0.363607,0.0078699
40.2,0.364099,0.00784979
40.4,0.362598,0.00781904
40.6,0.360221,0.0078036
40.8,0.358554,0.0077555
41,0.351762,0.00770665
41.2,0.350668,0.00769437
41.4,0.342034,0.00762406
41.6,0.335177,0.00756989
41.8,0.329931,0.00757921
42,0.328139,0.00756772
42.2,0.323769,0.00757713
42.4,0.321413,0.00758993
42.6,0.31238,0.00755005
42.8,0.312858,0.00757399
43,0.308598,0.00758344
43.2,0.30404,0.00756333
43.4,0.298718,0.00756953
43.6,0.293249,0.00753817
43.8,0.287159,0.00753205
44,0.284415,0.00756737
44.2,0.283692,0.00759794
44.4,0.293598,0.00763446
44.6,0.297707,0.00764931
44.8,0.301082,0.00768263
45,0.303315,0.00772199
45.2,0.31251,0.00772815
45.4,0.316965,0.00776782
45.6,0.317204,0.00775727
45.8,0.311237,0.00778811
46,0.305442,0.00779212
46.2,0.301659,0.00776515
46.4,0.298058,0.00775915
46.6,0.295417,0.00779976
46.8,0.293432,0.00779398
47,0.295064,0.00784119
47.2,0.297363,0.0078652
47.4,0.301819,0.00789239
47.6,0.303048,0.00793264
47.8,0.309675,0.00799675
48,0.313378,0.00803182
48.2,0.318651,0.00808031
48.4,0.322207,0.00812269
48.6,0.317757,0.00812959
48.8,0.322081,0.00817641
49,0.330066,0.00824014
49.2,0.333199,0.0082998
49.4,0.336815,0.00836205
49.6,0.348313,0.00847676
49.8,0.35456,0.00853347
50,0.366581,0.00862677
50.2,0.378765,0.00874918
50.4,0.386264,0.00885909
50.6,0.394482,0.00890076
50.8,0.405033,0.00899272
51,0.405669,0.00901603
51.2,0.41435,0.009097
51.4,0.418654,0.00913109
51.6,0.411107,0.00911295
51.8,0.414062,0.00912909
52,0.419105,0.00922926
52.2,0.411643,0.00923607
52.4,0.408701,0.00927094
52.6,0.399544,0.00926621
52.8,0.391463,0.00924331
53,0.387378,0.00926186
53.2,0.376456,0.00922876
53.4,0.362001,0.00916194
53.6,0.355431,0.00909431
53.8,0.345034,0.00904836
54,0.33752,0.00901879
54.2,0.333527,0.00900557
54.4,0.32877,0.00896966
54.6,0.318077,0.00895145
54.8,0.306361,0.00892424
55,0.290193,0.00883809
55.2,0.285043,0.0087976
55.4,0.273595,0.00871318
55.6,0.254591,0.00864215
55.8,0.24259,0.00857902
56,0.236383,0.00851288
56.2,0.228301,0.00843756
56.4,0.2237,0.00843318
56.6,0.21261,0.00833901
56.8,0.208094,0.00835382
57,0.211437,0.00836333
57.2,0.204739,0.00833992
57.4,0.195844,0.00834128
57.6,0.196171,0.00831807
57.8,0.197007,0.00832385
58,0.194263,0.00835889
58.2,0.192767,0.00835574
58.4,0.188195,0.00838492
58.6,0.18218,0.00838778
58.8,0.185638,0.0084228
59,0.18636,0.00850159
59.2,0.19015,0.00860603
59.4,0.191372,0.00865111
59.6,0.197247,0.00874703
59.8,0.198609,0.00874882
60,0.209378,0.00879932
60.2,0.219345,0.00884481
60.4,0.22979,0.00893255
60.6,0.228962,0.00895769
60.8,0.22899,0.00894394
61,0.2302,0.00895639
61.2,0.235397,0.00908682
61.4,0.243571,0.00918807
61.6,0.243627,0.00923778
61.8,0.241673,0.00921479
62,0.25356,0.00927248
62.2,0.259385,0.00940575
62.4,0.264599,0.00945857
62.6,0.266947,0.00943425
62.8,0.26509,0.00944707
63,0.270209,0.00953142
63.2,0.274514,0.00963835
63.4,0.270362,0.00969017
63.6,0.284155,0.00979648
63.8,0.283888,0.00982339
64,0.287321,0.00991851
64.2,0.28929,0.00999162
64.4,0.283022,0.00998566
64.6,0.291037,0.00999266
64.8,0.294886,0.0100367
65,0.288668,0.0100232
65.2,0.295744,0.010082
65.4,0.301223,0.0101224
65.6,0.303709,0.0102265
65.8,0.319012,0.010312
66,0.312075,0.0103206
66.2,0.306264,0.010326
66.4,0.311279,0.0103633
66.6,0.30025,0.0103313
66.8,0.298724,0.0103688
67,0.303826,0.0103883
67.2,0.296219,0.0104496
67.4,0.303488,0.0105897
67.6,0.307864,0.0106473
67.8,0.307228,0.0107546
68,0.320194,0.0109393
68.2,0.323198,0.0109842
68.4,0.327422,0.0110406
68.6,0.331746,0.0110632
68.8,0.33539,0.0111358
69,0.344138,0.0112432
69.2,0.342559,0.0112685
69.4,0.336396,0.0112796
69.6,0.334123,0.0112945
69.8,0.329351,0.0113099
70,0.328343,0.0113769
70.2,0.321269,0.0113059
70.4,0.318205,0.0112727
70.6,0.3159,0.0112742
70.8,0.322266,0.0112949
71,0.322922,0.0113332
71.2,0.316464,0.0112528
71.4,0.306145,0.0112383
71.6,0.302581,0.0112465
71.8,0.297211,0.0112194
72,0.285109,0.0110978
72.2,0.267815,0.0110232
72.4,0.264751,0.0109827
72.6,0.262642,0.0110189
72.8,0.261831,0.0109616
73,0.259172,0.0109958
73.2,0.245486,0.0109615
73.4,0.251867,0.011093
73.6,0.252412,0.0111032
73.8,0.24862,0.0111409
74,0.243153,0.0112027
74.2,0.238623,0.0112128
74.4,0.238651,0.0111976
74.6,0.252275,0.0113018
74.8,0.252532,0.0113553
75,0.261547,0.0114112
75.2,0.263712,0.0114085
75.4,0.267281,0.0114716
75.6,0.276826,0.0115032
75.8,0.278017,0.0115674
76,0.281736,0.0117147
76.2,0.28519,0.0117105
76.4,0.27999,0.0116917
76.6,0.27109,0.0116953
76.8,0.268351,0.0116265
77,0.261539,0.0117455
77.2,0.258138,0.0116926
77.4,0.25186,0.0116475
77.6,0.254789,0.0117064
77.8,0.254751,0.0117493
78,0.266514,0.0118963
78.2,0.271117,0.0119468
78.4,0.280023,0.0119441
78.6,0.278442,0.0120198
78.8,0.278723,0.0120126
79,0.269744,0.0119783
79.2,0.277475,0.0120933
79.4,0.263299,0.0119825
79.6,0.258839,0.0119822
79.8,0.242829,0.0118586
80,0.236351,0.0118898
80.2,0.233621,0.0118439
80.4,0.229505,0.011766
80.6,0.210777,0.0115953
80.8,0.212304,0.011608
81,0.201402,0.0115343
81.2,0.205887,0.0116219
81.4,0.206367,0.0116236
81.6,0.20185,0.0116575
81.8,0.203859,0.011681
82,0.21088,0.0117193
82.2,0.208609,0.0117944
82.4,0.211327,0.0117732
82.6,0.202224,0.0117883
82.8,0.192694,0.0117029
83,0.182369,0.0116515
83.2,0.179191,0.0116332
83.4,0.174941,0.0116559
83.6,0.183218,0.0116596
83.8,0.181873,0.011718
84,0.184504,0.0116895
84.2,0.188446,0.0118032
84.4,0.199925,0.0119265
84.6,0.202985,0.0120245
84.8,0.201275,0.0121482
85,0.19882,0.012184
85.2,0.198777,0.0122874
85.4,0.198657,0.0123687
85.6,0.19811,0.0123366
85.8,0.189749,0.0123478
86,0.177587,0.0124162
86.2,0.171069,0.0123682
86.4,0.151883,0.0122578
86.6,0.160396,0.0123289
86.8,0.165804,0.0123788
87,0.168153,0.012438
87.2,0.16785,0.0124298
87.4,0.17478,0.0124791
87.6,0.173776,0.0125022
87.8,0.182618,0.0127125
88,0.171801,0.0126426
88.2,0.167924,0.0126081
88.4,0.163286,0.012669
88.6,0.1634,0.0127692
88.8,0.161243,0.0128727
89,0.169548,0.0129488
89.2,0.175227,0.0129523
89.4,0.178937,0.0131202
89.6,0.181649,0.0132501
89.8,0.176696,0.0132461
90,0.172779,0.0132278
90.2,0.180116,0.0131492
90.4,0.171995,0.0132158
90.6,0.165144,0.0131504
90.8,0.171091,0.0130314
91,0.161467,0.0130007
91.2,0.173803,0.0131427
91.4,0.187065,0.0133514
91.6,0.174963,0.0134118
91.8,0.175452,0.0134638
92,0.17969,0.0134892
92.2,0.167611,0.013488
92.4,0.173475,0.013498
92.6,0.163734,0.0133571
92.8,0.15486,0.0132345
93,0.15478,0.0132678
93.2,0.159644,0.0133688
93.4,0.158013,0.0134858
93.6,0.167514,0.0137936
93.8,0.166972,0.0137787
94,0.170936,0.0137982
94.2,0.167082,0.0137138
94.4,0.167668,0.0137511
94.6,0.165924,0.0137082
94.8,0.165996,0.0136058
95,0.172143,0.0134913
95.2,0.175044,0.0135958
95.4,0.178556,0.0136851
95.6,0.174236,0.0137413
95.8,0.176176,0.0138327
96,0.180043,0.0139153
96.2,0.171788,0.0141017
96.4,0.153365,0.0141495
96.6,0.156341,0.0142558
96.8,0.163464,0.0143882
97,0.167487,0.0143612
97.2,0.170657,0.0144341
97.4,0.154199,0.0142251
97.6,0.164654,0.0143375
97.8,0.17307,0.0143998
98,0.161663,0.0144671
98.2,0.151615,0.0144823
98.4,0.146181,0.0145887
98.6,0.137388,0.0144757
98.8,0.153946,0.0146646
99,0.149397,0.0145375
99.2,0.157061,0.0146444
99.4,0.164944,0.014698
99.6,0.166418,0.0147047
99.8,0.182355,0.0148539
100,0.182262,0.0148458
100.2,0.173198,0.0150068
100.4,0.174729,0.0152411
100.6,0.15653,0.0153066
100.8,0.156085,0.0152172
101,0.158055,0.0152437
101.2,0.152674,0.0152787
101.4,0.166079,0.0153814
101.6,0.165381,0.0152775
101.8,0.166497,0.0150623
102,0.173247,0.0149154
102.2,0.172664,0.0150208
102.4,0.172393,0.0153031
102.6,0.178582,0.0153217
102.8,0.172347,0.0155563
103,0.183686,0.0156839
103.2,0.186241,0.0159355
103.4,0.193957,0.01625
103.6,0.190183,0.0163373
103.8,0.189428,0.0162744
104,0.179378,0.0163457
104.2,0.179406,0.0162231
104.4,0.174982,0.0160784
104.6,0.172502,0.0160607
104.8,0.16941,0.0159085
105,0.1673,0.015938
105.2,0.16381,0.015843
105.4,0.167353,0.0159689
105.6,0.17428,0.016075
105.8,0.176939,0.0163197
106,0.183027,0.016513
106.2,0.187984,0.0167528
106.4,0.191131,0.0168235
106.6,0.197243,0.0170203
106.8,0.195139,0.01707
107,0.189273,0.0172496
107.2,0.174941,0.017133
107.4,0.173899,0.0171644
107.6,0.174379,0.0174655
107.8,0.184111,0.0175808
108,0.182626,0.0177199
108.2,0.187771,0.0178861
108.4,0.203944,0.0181353
108.6,0.221264,0.0183506
108.8,0.212794,0.0182854
109,0.233753,0.0183427
109.2,0.238357,0.0184583
109.4,0.233308,0.0185028
109.6,0.227707,0.0183744
109.8,0.22095,0.018225
110,0.217916,0.0185115
110.2,0.218832,0.0188358
110.4,0.192725,0.0188101
110.6,0.187991,0.0188633
110.8,0.204258,0.0190447
111,0.208439,0.0191321
111.2,0.204206,0.0191937
111.4,0.207458,0.019133
111.6,0.212759,0.019179
111.8,0.224053,0.0191708
112,0.223679,0.0191259
112.2,0.219819,0.0191807
112.4,0.229578,0.0193156
112.6,0.237183,0.0193319
112.8,0.237408,0.019331
113,0.238017,0.0193086
113.2,0.240762,0.0194239
113.4,0.230288,0.0196041
113.6,0.228442,0.0196866
113.8,0.216838,0.0196851
114,0.209235,0.0197669
114.2,0.208008,0.0199623
114.4,0.218396,0.0199746
114.6,0.214107,0.0198604
114.8,0.225643,0.0198263
115,0.225796,0.0197849
115.2,0.23151,0.0200536
115.4,0.230636,0.0200319
115.6,0.231074,0.0201884
115.8,0.225576,0.0204388
116,0.235056,0.0207583
116.2,0.235991,0.0210112
116.4,0.230098,0.0210462
116.6,0.228641,0.0211729
116.8,0.225922,0.021443
117,0.219692,0.0214474
117.2,0.225731,0.0212653
117.4,0.213339,0.021579
117.6,0.207014,0.0216154
117.8,0.222872,0.0217004
118,0.232978,0.0217359
118.2,0.242492,0.0219352
118.4,0.250124,0.0220619
118.6,0.253227,0.0224926
118.8,0.26511,0.0219925
119,0.285982,0.0221291
119.2,0.299474,0.0227327
119.4,0.295793,0.0228647
119.6,0.30437,0.0231629
119.8,0.313049,0.0233285
120,0.317647,0.0236146
120.2,0.32009,0.0241885
120.4,0.312772,0.0241706
120.6,0.299032,0.023648
120.8,0.312342,0.0236905
121,0.299584,0.0234716
121.2,0.293073,0.0235341
121.4,0.281553,0.0232419
121.6,0.262505,0.0231653
121.8,0.25244,0.0233764
122,0.236068,0.0238312
122.2,0.23211,0.0240548
122.4,0.234467,0.0240377
122.6,0.239439,0.0239815
122.8,0.23316,0.0239535
123,0.22875,0.0238784
123.2,0.221041,0.0236388
123.4,0.221409,0.0235089
123.6,0.214652,0.0233678
123.8,0.205412,0.0232986
124,0.192675,0.023321
124.2,0.20515,0.023629
124.4,0.213379,0.0234256
124.6,0.224432,0.0236928
124.8,0.229161,0.0232391
125,0.23212,0.0234507
125.2,0.247329,0.0236153
125.4,0.246939,0.02358
125.6,0.232796,0.0234491
125.8,0.235149,0.0238493
126,0.228541,0.0238413
126.2,0.221798,0.0241136
126.4,0.215738,0.0241014
126.6,0.209865,0.0242425
126.8,0.215603,0.0244863
127,0.211795,0.0245213
127.2,0.196999,0.0242633
127.4,0.187349,0.024152
127.6,0.193981,0.024401
127.8,0.197007,0.0245219
128,0.188247,0.0244345
128.2,0.179222,0.0240666
128.4,0.178733,0.0240213
128.6,0.173942,0.0239825
128.8,0.191377,0.0241341
129,0.182591,0.0239557
129.2,0.158509,0.0240722
129.4,0.170467,0.0242588
129.6,0.17029,0.0243186
129.8,0.176389,0.0243019
130,0.187317,0.0244908
130.2,0.186841,0.0244955
130.4,0.175815,0.0245045
130.6,0.18173,0.0240207
130.8,0.157768,0.0235855
131,0.161437,0.0237982
131.2,0.162792,0.0241043
131.4,0.158306,0.0242453
131.6,0.149157,0.0242441
131.8,0.150864,0.0241052
132,0.150823,0.0240353
132.2,0.159135,0.0242543
132.4,0.142636,0.0238854
132.6,0.125358,0.0234799
132.8,0.115721,0.0232375
133,0.115118,0.0231219
133.2,0.129777,0.0231957
133.4,0.145732,0.023702
133.6,0.136123,0.0238948
133.8,0.146384,0.0243527
134,0.164212,0.0247225
134.2,0.176672,0.024843
134.4,0.17256,0.0250495
134.6,0.174358,0.0253045
134.8,0.166195,0.0249931
135,0.171345,0.0247556
135.2,0.165985,0.0245818
135.4,0.176314,0.02432
135.6,0.183812,0.024525
135.8,0.184213,0.0242876
136,0.178406,0.02415
136.2,0.171034,0.0244299
136.4,0.184148,0.0246539
136.6,0.182073,0.0250652
136.8,0.169314,0.0254938
137,0.146532,0.0252969
137.2,0.152673,0.0255921
137.4,0.147889,0.0256664
137.6,0.147402,0.0253785
137.8,0.151603,0.0254167
138,0.174139,0.0254353
138.2,0.173263,0.0257188
138.4,0.181024,0.025632
138.6,0.170544,0.0259122
138.8,0.17624,0.0261387
139,0.172781,0.0262861
139.2,0.159021,0.0262766
139.4,0.158283,0.0264936
139.6,0.15163,0.0258738
139.8,0.160081,0.0265404
140,0.158418,0.0265642
140.2,0.16693,0.026998
140.4,0.186173,0.0273762
140.6,0.19745,0.0278629
140.8,0.194403,0.0278227
141,0.206644,0.0284024
141.2,0.199907,0.0281372
141.4,0.206972,0.0280257
141.6,0.194913,0.027533
141.8,0.191791,0.027618
142,0.17981,0.0277712
142.2,0.181901,0.0279355
142.4,0.167553,0.0279536
142.6,0.161228,0.0279898
142.8,0.148758,0.0279304
143,0.127517,0.0280305
143.2,0.102376,0.0273765
143.4,0.0987868,0.0266418
143.6,0.0665481,0.0265323
143.8,0.0567169,0.0260709
144,0.0686631,0.0258162
144.2,0.0748871,0.0264466
144.4,0.094153,0.0269404
144.6,0.108539,0.0278127
144.8,0.117561,0.0284687
145,0.12864,0.0281839
145.2,0.15077,0.0282885
145.4,0.13575,0.0282963
145.6,0.132664,0.0278342
145.8,0.133692,0.0276644
146,0.139181,0.0275963
146.2,0.131714,0.0277272
146.4,0.122384,0.0279803
146.6,0.0972422,0.0280287
146.8,0.0918643,0.0282837
147,0.0888943,0.028314
147.2,0.08392,0.0280755
147.4,0.0803957,0.027718
147.6,0.0820006,0.0272266
147.8,0.105198,0.0271045
148,0.108307,0.0274601
148.2,0.121293,0.0277424
148.4,0.113657,0.0282142
148.6,0.110905,0.0287623
148.8,0.112497,0.0292033
149,0.106793,0.0297174
149.2,0.102787,0.0299245
149.4,0.119261,0.0298436
149.6,0.122054,0.029927
149.8,0.131346,0.0297948
150,0.129867,0.0297532
150.2,0.104765,0.0296634
150.4,0.114445,0.0294943
150.6,0.128981,0.0294781
150.8,0.13049,0.0295201
151,0.143619,0.0292712
151.2,0.151648,0.0288881
151.4,0.162807,0.0287683
151.6,0.186827,0.0287591
151.8,0.182062,0.028396
152,0.167131,0.0286662
152.2,0.155649,0.0284
152.4,0.13168,0.0284785
152.6,0.134815,0.0289291
152.8,0.152549,0.0295394
153,0.146985,0.0295558
153.2,0.148289,0.0299668
153.4,0.161467,0.0297252
153.6,0.161646,0.0299439
153.8,0.167928,0.0300142
154,0.166129,0.0301548
154.2,0.137811,0.0296526
154.4,0.125603,0.0299141
154.6,0.122333,0.0296109
154.8,0.0991916,0.0292785
155,0.0965197,0.0298304
155.2,0.0999369,0.0297506
155.4,0.10971,0.0297626
155.6,0.118501,0.0296163
155.8,0.123211,0.0293813
156,0.123656,0.0301467
156.2,0.119415,0.0309092
156.4,0.119286,0.0307415
156.6,0.113791,0.0313458
156.8,0.116942,0.031812
157,0.106283,0.0316348
157.2,0.113876,0.0323117
157.4,0.119483,0.0325028
157.6,0.125443,0.0324886
157.8,0.120337,0.0321061
158,0.127382,0.0316159
158.2,0.107772,0.0313536
158.4,0.103197,0.0318384
158.6,0.110008,0.032408
158.8,0.105231,0.0316174
159,0.101286,0.0310749
159.2,0.0998719,0.031489
159.4,0.0959144,0.0315988
159.6,0.0925315,0.0312623
159.8,0.104846,0.0315226
160,0.0948773,0.0302296
160.2,0.0823194,0.0298414
160.4,0.0807713,0.0300323
160.6,0.0883605,0.029862
160.8,0.0889714,0.030743
161,0.0987483,0.0316129
161.2,0.101834,0.0311491
161.4,0.115946,0.0319642
161.6,0.130115,0.0327776
161.8,0.13433,0.0330479
162,0.119988,0.0330161
162.2,0.127048,0.0328759
162.4,0.126442,0.0327691
162.6,0.123407,0.0336814
162.8,0.104987,0.0331554
163,0.0990197,0.0331549
163.2,0.108355,0.0336884
163.4,0.120139,0.0338529
163.6,0.109659,0.0331342
163.8,0.10601,0.0323296
164,0.104089,0.0311303
164.2,0.108177,0.031595
164.4,0.097753,0.0318
164.6,0.087273,0.0313297
164.8,0.106151,0.0314264
165,0.109924,0.0319807
165.2,0.107229,0.0321191
165.4,0.0992558,0.033067
165.6,0.0986856,0.0329326
165.8,0.114548,0.0327411
166,0.130738,0.0332647
166.2,0.149769,0.0342277
166.4,0.166366,0.0344738
166.6,0.17584,0.0351468
166.8,0.187347,0.0355159
167,0.202603,0.0357616
167.2,0.193764,0.0361205
167.4,0.16961,0.0360003
167.6,0.117274,0.0355899
167.8,0.101908,0.0356941
168,0.0808394,0.0355905
168.2,0.0775681,0.0355059
168.4,0.0702193,0.0355556
168.6,0.0702563,0.0353154
168.8,0.10743,0.0358221
169,0.136687,0.0361103
169.2,0.140937,0.0362134
169.4,0.157978,0.0363308
169.6,0.175044,0.0362304
169.8,0.165482,0.0355591
170,0.166116,0.0366321
170.2,0.155235,0.0368858
170.4,0.1596,0.0374368
170.6,0.147375,0.0379412
170.8,0.136326,0.0375058
171,0.120882,0.0376314
171.2,0.154694,0.0381668
171.4,0.192589,0.0382328
171.6,0.179744,0.0381433
171.8,0.167846,0.0371666
172,0.165065,0.0358141
172.2,0.142844,0.0362268
172.4,0.140286,0.0359629
172.6,0.119968,0.0367404
172.8,0.0888879,0.0366879
173,0.104263,0.0368648
173.2,0.110635,0.0370374
173.4,0.122263,0.0372981
173.6,0.165379,0.0380267
173.8,0.174044,0.0387513
174,0.177183,0.0392179
174.2,0.201964,0.039477
174.4,0.198659,0.0388971
174.6,0.18499,0.0389585
174.8,0.178406,0.0386678
175,0.147255,0.0383479
175.2,0.145689,0.0379855
175.4,0.141753,0.0370855
175.6,0.10916,0.0365061
175.8,0.0899658,0.0365104
176,0.0859152,0.0369324
176.2,0.0771346,0.0381864
176.4,0.0915252,0.0380999
176.6,0.0847054,0.0376423
176.8,0.0805427,0.037185
177,0.0912669,0.0361058
177.2,0.0960267,0.0357433
177.4,0.0814204,0.0350606
177.6,0.0787551,0.0344435
177.8,0.0887269,0.034442
178,0.111304,0.0352742
178.2,0.135387,0.0358819
178.4,0.14705,0.0374262
178.6,0.154821,0.0384753
178.8,0.188226,0.03888
179,0.214158,0.0392674
179.2,0.200831,0.0391836
179.4,0.17083,0.0407027
179.6,0.145935,0.0443698
179.8,0.129714,0.0484722
179.95,0.123142,0.0541434
1
0.8,0.0108712,0.000427019
1,0.0127133,0.000464218
1.2,0.0138512,0.000491219
1.4,0.0151638,0.000512517
1.6,0.0139818,0.000543278
1.8,0.0139342,0.000582087
2,0.014254,0.000622414
2.2,0.0152788,0.000657518
2.4,0.0156664,0.000690683
2.6,0.0171393,0.000733371
2.8,0.0187654,0.000786697
3,0.0223833,0.000849386
3.2,0.0248522,0.000910438
3.4,0.0266872,0.000972316
3.6,0.0299892,0.00104398
3.8,0.0341456,0.00112023
4,0.0391459,0.00119143
4.2,0.0438648,0.00125425
4.4,0.0455603,0.00129262
4.6,0.0473023,0.00132339
4.8,0.0502514,0.00134544
5,0.0513116,0.0013492
5.2,0.0523288,0.0013429
5.4,0.0517092,0.00133979
5.6,0.0516857,0.00133936
5.8,0.0543206,0.00135793
6,0.0564129,0.00138399
6.2,0.0589493,0.00141587
6.4,0.0600672,0.00145384
6.6,0.0619607,0.00149237
6.8,0.0642594,0.00153155
7,0.0657094,0.00156971
7.2,0.0656115,0.00159678
7.4,0.0681903,0.00162297
7.6,0.0711153,0.00165702
7.8,0.0750304,0.00169226
8,0.0773047,0.0017218
8.2,0.079127,0.00174597
8.4,0.0825265,0.00177358
8.6,0.0848215,0.00180733
8.8,0.0857941,0.00184767
9,0.0870754,0.00187992
9.2,0.086483,0.00190666
9.4,0.0890564,0.00195641
9.6,0.0916355,0.00201385
9.8,0.0921085,0.00206867
10,0.0947185,0.00213133
10.2,0.0997316,0.0021999
10.4,0.106161,0.00228568
10.6,0.117503,0.00239559
10.8,0.126563,0.00251363
11,0.137816,0.00262899
11.2,0.150097,0.00274726
11.4,0.158521,0.00285001
11.6,0.163217,0.00293408
11.8,0.163255,0.00298997
12,0.161993,0.00302544
12.2,0.157447,0.00303285
12.4,0.151375,0.00304673
12.6,0.144767,0.00306458
12.8,0.141434,0.00309197
13,0.138505,0.00312206
13.2,0.135531,0.00316468
13.4,0.13493,0.00320978
13.6,0.13773,0.00326653
13.8,0.140193,0.0033285
14,0.14261,0.00337773
14.2,0.143593,0.00343355
14.4,0.144563,0.00350073
14.6,0.14982,0.00358343
14.8,0.152139,0.00367184
15,0.153647,0.00375232
15.2,0.15434,0.00382512
15.4,0.156861,0.00389762
15.6,0.158607,0.00396653
15.8,0.161435,0.00403917
16,0.158805,0.00410894
16.2,0.160477,0.00418286
16.4,0.159132,0.0042746
16.6,0.162267,0.00435673
16.8,0.163945,0.00444617
17,0.165179,0.0045285
17.2,0.168203,0.0046068
17.4,0.172725,0.00467314
17.6,0.17188,0.00472649
17.8,0.175035,0.0047704
18,0.17686,0.00480533
18.2,0.178737,0.00484055
18.4,0.177755,0.00486966
18.6,0.17639,0.00490185
18.8,0.17798,0.00492404
19,0.178036,0.00495852
19.2,0.176067,0.00498987
19.4,0.171309,0.00502357
19.6,0.167159,0.00505659
19.8,0.167064,0.00507557
20,0.16793,0.00509628
20.2,0.168939,0.00512042
20.4,0.168069,0.00513591
20.6,0.170189,0.00513865
20.8,0.173279,0.00515809
21,0.173457,0.00514852
21.2,0.172652,0.00517491
21.4,0.169848,0.00517683
21.6,0.169871,0.00519378
21.8,0.170775,0.00520948
22,0.167452,0.00521981
22.2,0.167813,0.00523914
22.4,0.170633,0.00527978
22.6,0.171579,0.0052847
22.8,0.174285,0.00531552
23,0.173141,0.00533606
23.2,0.172122,0.00534971
23.4,0.172767,0.00538667
23.6,0.172384,0.00541327
23.8,0.171543,0.00542136
24,0.173721,0.00544287
24.2,0.174762,0.00545004
24.4,0.178588,0.00547051
24.6,0.181686,0.00548709
24.8,0.184323,0.00548337
25,0.18501,0.00549002
25.2,0.185659,0.00551565
25.4,0.189017,0.00555094
25.6,0.186146,0.00560739
25.8,0.183218,0.00562636
26,0.188531,0.00568209
26.2,0.195563,0.00576846
26.4,0.203182,0.00584389
26.6,0.206282,0.00591327
26.8,0.208418,0.00599243
27,0.216187,0.00606103
27.2,0.223636,0.00617178
27.4,0.219091,0.00621531
27.6,0.2172,0.00626055
27.8,0.217257,0.00629597
28,0.218737,0.00631942
28.2,0.21792,0.00632373
28.4,0.218544,0.00633882
28.6,0.213937,0.00632143
28.8,0.217266,0.00633706
29,0.214102,0.00631945
29.2,0.208226,0.00631537
29.4,0.209189,0.00633548
29.6,0.21317,0.00635633
29.8,0.213952,0.0063428
30,0.213772,0.00632125
30.2,0.213993,0.00631863
30.4,0.215255,0.00631903
30.6,0.224401,0.00633425
30.8,0.225304,0.00635802
31,0.222128,0.00635047
31.2,0.219838,0.00635723
31.4,0.220728,0.00639846
31.6,0.220887,0.00640952
31.8,0.216993,0.00640597
32,0.20872,0.00638281
32.2,0.198789,0.00634112
32.4,0.198418,0.00637099
32.6,0.1996,0.00637785
32.8,0.203247,0.00639493
33,0.202117,0.00642758
33.2,0.205915,0.00651023
33.4,0.205239,0.00655953
33.6,0.209912,0.00660872
33.8,0.206961,0.00662361
34,0.201534,0.00663842
34.2,0.192766,0.00667261
34.4,0.192054,0.00667739
34.6,0.189499,0.00667763
34.8,0.188488,0.00668699
35,0.186425,0.00677627
35.2,0.183349,0.00677462
35.4,0.174887,0.00681319
35.6,0.178818,0.00686696
35.8,0.172525,0.0069278
36,0.172412,0.00698089
36.2,0.170205,0.00703155
36.4,0.168286,0.00698821
36.6,0.169115,0.00703715
36.8,0.174231,0.00704605
37,0.167437,0.00696591
37.2,0.163729,0.00690649
37.4,0.162686,0.006866
37.6,0.157916,0.00678959
37.8,0.155282,0.00676264
38,0.154258,0.0067035
38.2,0.152304,0.00665449
38.4,0.158859,0.00666264
38.6,0.162455,0.00663699
38.8,0.163021,0.00657992
39,0.163966,0.00657187
39.2,0.164492,0.00652363
39.4,0.162065,0.00648712
39.6,0.166762,0.00645039
39.8,0.159484,0.00638501
40,0.158159,0.00637432
40.2,0.150318,0.00634677
40.4,0.150265,0.00629329
40.6,0.146916,0.00628569
40.8,0.143911,0.00624924
41,0.140916,0.00624976
41.2,0.140274,0.00626171
41.4,0.14031,0.00623431
41.6,0.144099,0.00622813
41.8,0.146807,0.00627205
42,0.147725,0.0062641
42.2,0.149175,0.00626308
42.4,0.146759,0.00623884
42.6,0.142679,0.00619052
42.8,0.138095,0.0061694
43,0.13621,0.00617162
43.2,0.128623,0.00613324
43.4,0.12613,0.00608944
43.6,0.128097,0.0061202
43.8,0.126637,0.00615156
44,0.128486,0.00619453
44.2,0.133419,0.00619566
44.4,0.134133,0.00621389
44.6,0.13581,0.0061883
44.8,0.136882,0.00622097
45,0.134459,0.00620186
45.2,0.137308,0.0062489
45.4,0.138418,0.00627443
45.6,0.139101,0.00634235
45.8,0.137829,0.00636128
46,0.139807,0.00640574
46.2,0.14145,0.00640427
46.4,0.146191,0.00646698
46.6,0.14656,0.00646609
46.8,0.147158,0.00645459
47,0.146168,0.00647311
47.2,0.148151,0.00648665
47.4,0.149857,0.00653914
47.6,0.153116,0.00661929
47.8,0.154684,0.00666933
48,0.158137,0.00670592
48.2,0.164036,0.00677469
48.4,0.17211,0.00685048
48.6,0.175573,0.00691743
48.8,0.182581,0.00700511
49,0.182875,0.00705002
49.2,0.18809,0.0071321
49.4,0.190847,0.00722545
49.6,0.196561,0.00732343
49.8,0.200639,0.00739606
50,0.204211,0.00742244
50.2,0.205679,0.00747274
50.4,0.20883,0.00754929
50.6,0.206843,0.00758099
50.8,0.208637,0.00761103
51,0.209266,0.00766263
51.2,0.205522,0.00767798
51.4,0.205664,0.00770549
51.6,0.202076,0.00768837
51.8,0.20781,0.0077359
52,0.213035,0.00781174
52.2,0.214105,0.00780655
52.4,0.212844,0.0078265
52.6,0.212257,0.00785291
52.8,0.21305,0.00789854
53,0.210422,0.00790121
53.2,0.204639,0.00786979
53.4,0.199408,0.00784114
53.6,0.201173,0.00791291
53.8,0.194145,0.00785991
54,0.184932,0.00776196
54.2,0.175646,0.0077213
54.4,0.169189,0.0077121
54.6,0.163729,0.00770238
54.8,0.150945,0.00759952
55,0.136162,0.00744451
55.2,0.127625,0.00733617
55.4,0.12303,0.00725214
55.6,0.11426,0.00714186
55.8,0.111254,0.00710911
56,0.0999903,0.00697754
56.2,0.103352,0.00699017
56.4,0.105052,0.00701204
56.6,0.105906,0.00700576
56.8,0.100904,0.00705874
57,0.101503,0.00710839
57.2,0.102518,0.00711004
57.4,0.10659,0.00713015
57.6,0.104493,0.00714596
57.8,0.102843,0.00715299
58,0.101142,0.00731885
58.2,0.105368,0.00732891
58.4,0.109737,0.00737949
58.6,0.107223,0.00735368
58.8,0.0999072,0.00744338
59,0.0969069,0.00737762
59.2,0.104244,0.00747792
59.4,0.112411,0.00752206
59.6,0.107979,0.00756907
59.8,0.109859,0.00757705
60,0.119945,0.00781456
60.2,0.134262,0.00782986
60.4,0.140617,0.007959
60.6,0.131777,0.00791801
60.8,0.126106,0.00786838
61,0.142399,0.00806749
61.2,0.147578,0.00816284
61.4,0.142477,0.00806188
61.6,0.143783,0.0082072
61.8,0.145682,0.00826334
62,0.157854,0.00839395
62.2,0.161771,0.00849384
62.4,0.159787,0.00848268
62.6,0.159265,0.00862896
62.8,0.165031,0.00877628
63,0.164379,0.00876273
63.2,0.168098,0.00889068
63.4,0.161343,0.00892057
63.6,0.170928,0.00902423
63.8,0.178624,0.00914433
64,0.18103,0.00910385
64.2,0.181393,0.00905409
64.4,0.18555,0.00915544
64.6,0.180956,0.00915812
64.8,0.184903,0.00923167
65,0.184608,0.00928113
65.2,0.182293,0.00933639
65.4,0.195858,0.00951505
65.6,0.202484,0.00960536
65.8,0.205691,0.0096704
66,0.221388,0.00983906
66.2,0.225843,0.00993845
66.4,0.22769,0.00998065
66.6,0.229587,0.00998332
66.8,0.218924,0.0098758
67,0.221051,0.0100244
67.2,0.217916,0.0100031
67.4,0.214554,0.0100199
67.6,0.218587,0.0100297
67.8,0.214001,0.0100331
68,0.208406,0.0100483
68.2,0.222385,0.0102991
68.4,0.225104,0.0103981
68.6,0.227364,0.0104785
68.8,0.227693,0.0105093
69,0.218326,0.0104849
69.2,0.216473,0.0105081
69.4,0.217892,0.0105449
69.6,0.209653,0.0104973
69.8,0.204758,0.0105375
70,0.21169,0.0105929
70.2,0.205302,0.0105227
70.4,0.204417,0.0106557
70.6,0.20975,0.0107502
70.8,0.209867,0.0108637
71,0.208963,0.010959
71.2,0.205333,0.0108522
71.4,0.196084,0.0108115
71.6,0.187028,0.0107203
71.8,0.183634,0.0105678
72,0.177139,0.0104349
72.2,0.171813,0.0102852
72.4,0.165615,0.0100351
72.6,0.164009,0.00990945
72.8,0.161463,0.0098285
73,0.158848,0.00984633
73.2,0.165522,0.00993145
73.4,0.166023,0.00998809
73.6,0.168118,0.0100398
73.8,0.163006,0.0100872
74,0.156964,0.0101686
74.2,0.153763,0.0103005
74.4,0.163978,0.0103471
74.6,0.161707,0.0103845
74.8,0.158562,0.0105108
75,0.155798,0.0105346
75.2,0.155152,0.0105781
75.4,0.16142,0.0106589
75.6,0.160207,0.0106124
75.8,0.155165,0.0106869
76,0.152037,0.010667
76.2,0.150811,0.0105822
76.4,0.152044,0.0106162
76.6,0.154584,0.0107419
76.8,0.152854,0.010717
77,0.162698,0.0108773
77.2,0.163808,0.0109327
77.4,0.170402,0.0111642
77.6,0.177085,0.0111707
77.8,0.177545,0.0111572
78,0.17247,0.0110944
78.2,0.167676,0.0110679
78.4,0.162574,0.0110053
78.6,0.158554,0.0109489
78.8,0.152203,0.010851
79,0.142858,0.0109618
79.2,0.135641,0.0109416
79.4,0.134235,0.0110354
79.6,0.133203,0.0111257
79.8,0.121878,0.0110206
80,0.116655,0.0110577
80.2,0.113347,0.0109273
80.4,0.112117,0.0108672
80.6,0.115466,0.0108663
80.8,0.113705,0.010715
81,0.112456,0.0107079
81.2,0.115181,0.0108256
81.4,0.11895,0.0107602
81.6,0.115396,0.0108535
81.8,0.107553,0.0108229
82,0.104983,0.0109228
82.2,0.105576,0.0110846
82.4,0.106142,0.0111605
82.6,0.0970005,0.010938
82.8,0.0957786,0.0110263
83,0.0893722,0.0109268
83.2,0.0893153,0.0109392
83.4,0.0954281,0.0111103
83.6,0.103085,0.0111387
83.8,0.107281,0.0112152
84,0.117133,0.0114162
84.2,0.113129,0.0113442
84.4,0.117215,0.011467
84.6,0.120687,0.0114998
84.8,0.111037,0.0115991
85,0.0967642,0.0114847
85.2,0.0897151,0.0113027
85.4,0.087355,0.0113862
85.6,0.0888087,0.0115487
85.8,0.0936303,0.0115811
86,0.0971117,0.0117074
86.2,0.102339,0.0115865
86.4,0.109887,0.0116635
86.6,0.110421,0.0117938
86.8,0.108868,0.0119015
87,0.110733,0.0119218
87.2,0.10995,0.011937
87.4,0.112926,0.0118295
87.6,0.116556,0.0118627
87.8,0.118521,0.01205
88,0.118424,0.0119894
88.2,0.130837,0.0121258
88.4,0.137197,0.0123364
88.6,0.135599,0.0123772
88.8,0.137833,0.012552
89,0.129072,0.0125091
89.2,0.126914,0.0124969
89.4,0.131044,0.0126338
89.6,0.131658,0.0127139
89.8,0.130563,0.0125744
90,0.14215,0.0127274
90.2,0.135965,0.0127415
90.4,0.13465,0.0127269
90.6,0.138082,0.012678
90.8,0.140473,0.0127165
91,0.139826,0.0126342
91.2,0.13979,0.012784
91.4,0.123875,0.012711
91.6,0.12295,0.0126699
91.8,0.12777,0.0127633
92,0.127111,0.0129792
92.2,0.122378,0.0131743
92.4,0.121133,0.0132427
92.6,0.119837,0.0132529
92.8,0.126195,0.0134042
93,0.12627,0.0134228
93.2,0.132167,0.0137782
93.4,0.131967,0.013833
93.6,0.130486,0.0137364
93.8,0.12312,0.0136435
94,0.123287,0.0136214
94.2,0.126283,0.0136238
94.4,0.129933,0.01376
94.6,0.119547,0.0134898
94.8,0.120158,0.0133998
95,0.112357,0.0133691
95.2,0.105954,0.0134257
95.4,0.103715,0.0136323
95.6,0.104333,0.0137211
95.8,0.102842,0.0135335
96,0.0993242,0.0135285
96.2,0.0980586,0.0137585
96.4,0.0962053,0.0137951
96.6,0.0989647,0.0138515
96.8,0.0965791,0.0138375
97,0.0940992,0.0137588
97.2,0.0977182,0.0140936
97.4,0.102996,0.0141527
97.6,0.101641,0.0139851
97.8,0.104578,0.0139697
98,0.110909,0.0140496
98.2,0.104513,0.0139836
98.4,0.0971935,0.0139618
98.6,0.100334,0.0139633
98.8,0.103333,0.0140113
99,0.0993972,0.014105
99.2,0.108372,0.014458
99.4,0.112372,0.0145987
99.6,0.122924,0.0146382
99.8,0.128889,0.0150301
100,0.124062,0.0151152
100.2,0.123973,0.0151629
100.4,0.123768,0.0153215
100.6,0.122123,0.015208
100.8,0.11476,0.0151556
101,0.103966,0.0151019
101.2,0.105998,0.0149687
101.4,0.108244,0.0150639
101.6,0.109885,0.0151945
101.8,0.114574,0.015158
102,0.111179,0.0154477
102.2,0.115579,0.0155147
102.4,0.118547,0.0156882
102.6,0.118445,0.015658
102.8,0.116939,0.0156231
103,0.113235,0.0155508
103.2,0.107375,0.0154638
103.4,0.107276,0.0152042
103.6,0.10385,0.0150772
103.8,0.108571,0.0150225
104,0.103203,0.0149029
104.2,0.105719,0.0149214
104.4,0.109672,0.0151641
104.6,0.116544,0.0152282
104.8,0.112833,0.0153671
105,0.112806,0.0156504
105.2,0.120137,0.0159915
105.4,0.122039,0.0163808
105.6,0.119431,0.0165392
105.8,0.109429,0.0165516
106,0.0991062,0.0164211
106.2,0.0947221,0.0165995
106.4,0.0983511,0.017026
106.6,0.10032,0.0169168
106.8,0.11256,0.0171069
107,0.110741,0.0172283
107.2,0.108921,0.0170975
107.4,0.122141,0.0174187
107.6,0.144855,0.0174535
107.8,0.152977,0.0174537
108,0.143787,0.0174763
108.2,0.134309,0.0172242
108.4,0.140927,0.0174269
108.6,0.16003,0.0179525
108.8,0.168365,0.0181883
109,0.170048,0.0183223
109.2,0.168553,0.0182949
109.4,0.184918,0.0186739
109.6,0.193099,0.0188697
109.8,0.209409,0.0190262
110,0.210831,0.019076
110.2,0.219814,0.0194881
110.4,0.221604,0.0194835
110.6,0.225238,0.0194353
110.8,0.218938,0.019458
111,0.211891,0.01955
111.2,0.197372,0.0194272
111.4,0.193675,0.0195392
111.6,0.182483,0.0192145
111.8,0.178126,0.0195737
112,0.163198,0.0196808
112.2,0.158056,0.0196548
112.4,0.172646,0.0197348
112.6,0.170725,0.0197805
112.8,0.167276,0.0194493
113,0.166162,0.0197607
113.2,0.165413,0.0197352
113.4,0.162782,0.0196321
113.6,0.161152,0.0196739
113.8,0.145512,0.0197801
114,0.143947,0.0199162
114.2,0.142156,0.0203702
114.4,0.135502,0.020195
114.6,0.138695,0.0203414
114.8,0.15273,0.0208885
115,0.163871,0.0210753
115.2,0.161097,0.020847
115.4,0.156664,0.0205899
115.6,0.155918,0.0205159
115.8,0.166497,0.0208721
116,0.164977,0.0208042
116.2,0.166045,0.0204559
116.4,0.168065,0.020787
116.6,0.173411,0.0209525
116.8,0.183893,0.0211982
117,0.191807,0.0211557
117.2,0.18839,0.0208827
117.4,0.190347,0.0207027
117.6,0.19126,0.0210274
117.8,0.184704,0.0208831
118,0.187109,0.0211738
118.2,0.188071,0.0217413
118.4,0.191792,0.0221732
118.6,0.169313,0.0224148
118.8,0.15711,0.0225939
119,0.146778,0.022279
119.2,0.154105,0.0224389
119.4,0.166975,0.0226798
119.6,0.173476,0.0225486
119.8,0.172707,0.0223214
120,0.194239,0.0223867
120.2,0.200039,0.022216
120.4,0.205312,0.0226206
120.6,0.21217,0.0228411
120.8,0.206508,0.0228062
121,0.21228,0.0229076
121.2,0.210265,0.0226288
121.4,0.190658,0.0220787
121.6,0.198088,0.022244
121.8,0.211206,0.0222985
122,0.207252,0.0221132
122.2,0.199914,0.0219605
122.4,0.175774,0.0211996
122.6,0.172781,0.0215348
122.8,0.206015,0.0221232
123,0.205441,0.0223139
123.2,0.185717,0.0220811
123.4,0.195025,0.0223782
123.6,0.197667,0.0226818
123.8,0.201188,0.0232929
124,0.204393,0.0236398
124.2,0.183645,0.0236196
124.4,0.182966,0.0243217
124.6,0.192932,0.0248064
124.8,0.161374,0.024455
125,0.151308,0.0241369
125.2,0.148557,0.0241045
125.4,0.140414,0.0238449
125.6,0.161659,0.0243971
125.8,0.155989,0.0238804
126,0.15796,0.0236282
126.2,0.163625,0.0236877
126.4,0.176692,0.0242144
126.6,0.197748,0.0248969
126.8,0.215412,0.0252157
127,0.210184,0.0245901
127.2,0.206701,0.0242751
127.4,0.188071,0.0242912
127.6,0.188239,0.0246313
127.8,0.172515,0.0242436
128,0.15191,0.0236462
128.2,0.138205,0.0236677
128.4,0.11838,0.0238461
128.6,0.11975,0.0240819
128.8,0.1451,0.0242646
129,0.141888,0.0238953
129.2,0.134855,0.023778
129.4,0.139845,0.0238283
129.6,0.140506,0.0241064
129.8,0.150487,0.0242545
130,0.168501,0.0246368
130.2,0.154246,0.0247684
130.4,0.145185,0.0248417
130.6,0.170827,0.0255891
130.8,0.16824,0.0256168
131,0.163519,0.0256272
131.2,0.168179,0.0260117
131.4,0.152947,0.0256768
131.6,0.159713,0.0257919
131.8,0.167608,0.0257541
132,0.151592,0.0256839
132.2,0.137564,0.0252427
132.4,0.138827,0.0250415
132.6,0.131435,0.0247902
132.8,0.130263,0.0253745
133,0.115874,0.0252451
133.2,0.111007,0.0255922
133.4,0.100423,0.025197
133.6,0.124047,0.0258912
133.8,0.120793,0.0256291
134,0.106557,0.0252119
134.2,0.0927531,0.0243155
134.4,0.0884728,0.0239768
134.6,0.100628,0.0244435
134.8,0.1058,0.0245414
135,0.0863087,0.024214
135.2,0.0826171,0.024374
135.4,0.0957987,0.025068
135.6,0.0951989,0.025652
135.8,0.101321,0.0258633
136,0.0906568,0.025329
136.2,0.104358,0.0252843
136.4,0.107755,0.0252428
136.6,0.107556,0.0252154
136.8,0.10279,0.0251769
137,0.114686,0.0257882
137.2,0.117088,0.0257959
137.4,0.127421,0.0258283
137.6,0.133055,0.0260332
137.8,0.128443,0.0261568
138,0.151791,0.0267858
138.2,0.161562,0.0269254
138.4,0.151917,0.0264797
138.6,0.143073,0.0268799
138.8,0.141678,0.0269151
139,0.127395,0.0265677
139.2,0.142957,0.0269588
139.4,0.118248,0.0265613
139.6,0.105432,0.0262866
139.8,0.114569,0.0263902
140,0.128277,0.0264896
140.2,0.123367,0.0260411
140.4,0.125936,0.0260651
140.6,0.11071,0.0258605
140.8,0.123371,0.0260242
141,0.139778,0.026725
141.2,0.137913,0.0268418
141.4,0.123896,0.0265027
141.6,0.129407,0.0276507
141.8,0.124616,0.0283252
142,0.127581,0.0279346
142.2,0.125334,0.0282501
142.4,0.116687,0.0279503
142.6,0.0976353,0.0280992
142.8,0.103216,0.0283189
143,0.0957787,0.0281841
143.2,0.0965096,0.0275269
143.4,0.105283,0.0283885
143.6,0.112215,0.0283007
143.8,0.104919,0.0283926
144,0.125589,0.0283076
144.2,0.115431,0.0284787
144.4,0.109843,0.0280205
144.6,0.11955,0.0286195
144.8,0.110632,0.0284585
145,0.0884609,0.0283649
145.2,0.0866021,0.0279403
145.4,0.0857449,0.0278526
145.6,0.102015,0.0284467
145.8,0.10518,0.0285689
146,0.102269,0.0282371
146.2,0.110146,0.0285339
146.4,0.115561,0.0281987
146.6,0.130937,0.0289185
146.8,0.135445,0.029011
147,0.132061,0.0284223
147.2,0.134919,0.0285224
147.4,0.123887,0.0288062
147.6,0.118766,0.0291586
147.8,0.115517,0.0303759
148,0.104389,0.0300323
148.2,0.102033,0.0303232
148.4,0.11401,0.0300939
148.6,0.118424,0.0307777
148.8,0.142419,0.0316091
149,0.155759,0.0315701
149.2,0.152992,0.0301406
149.4,0.134554,0.0299917
149.6,0.125209,0.0300767
149.8,0.107932,0.0299254
150,0.117718,0.0295912
150.2,0.0986366,0.0293165
150.4,0.090755,0.0288617
150.6,0.104549,0.0291661
150.8,0.11997,0.0293519
151,0.119711,0.0296016
151.2,0.114182,0.0293358
151.4,0.0996174,0.0291479
151.6,0.113275,0.028866
151.8,0.115667,0.0293932
152,0.113484,0.029667
152.2,0.123921,0.0298353
152.4,0.132385,0.0291561
152.6,0.136148,0.02958
152.8,0.13638,0.0297303
153,0.11573,0.029689
153.2,0.107262,0.0288926
153.4,0.101851,0.028456
153.6,0.088385,0.0278924
153.8,0.076301,0.028154
154,0.0745729,0.02887
154.2,0.0614211,0.0283443
154.4,0.0430897,0.0285706
154.6,0.0167164,0.0289014
154.8,0.00719856,0.0300573
155,-0.0224811,0.0304012
155.2,-0.0233542,0.0302375
155.4,-0.0225059,0.0298241
155.6,-0.00751807,0.0301948
155.8,0.0322365,0.0305343
156,0.0763492,0.0311729
156.2,0.0854327,0.0309032
156.4,0.111274,0.0304887
156.6,0.125188,0.0308537
156.8,0.146953,0.0318376
157,0.144028,0.0320352
157.2,0.129496,0.0318614
157.4,0.118426,0.0318645
157.6,0.112427,0.0315508
157.8,0.123213,0.0319076
158,0.118701,0.0313101
158.2,0.0982447,0.0307116
158.4,0.086066,0.0306218
158.6,0.0851926,0.0309301
158.8,0.0720366,0.0307088
159,0.0712275,0.0307142
159.2,0.0538441,0.0310032
159.4,0.0387055,0.0313757
159.6,0.0343445,0.0317914
159.8,0.0538553,0.0317393
160,0.0393409,0.0313303
160.2,0.039315,0.0319329
160.4,0.0631816,0.0330991
160.6,0.0766526,0.0335429
160.8,0.0698367,0.0332186
161,0.0887882,0.0327744
161.2,0.0853683,0.0329477
161.4,0.0932435,0.0329283
161.6,0.115376,0.0325509
161.8,0.102732,0.0316936
162,0.105308,0.0310625
162.2,0.124563,0.0318643
162.4,0.106798,0.0323814
162.6,0.0879192,0.0323366
162.8,0.0787362,0.0322171
163,0.0550832,0.0322377
163.2,0.0525765,0.0326091
163.4,0.0701917,0.0344101
163.6,0.0821626,0.0353156
163.8,0.0993594,0.0355686
164,0.126009,0.0367324
164.2,0.151128,0.0376506
164.4,0.172169,0.0381937
164.6,0.17936,0.0388251
164.8,0.155405,0.0379856
165,0.132075,0.0369924
165.2,0.127831,0.0364119
165.4,0.118632,0.0360099
165.6,0.101902,0.0361759
165.8,0.087189,0.0354954
166,0.0728538,0.0355329
166.2,0.0651553,0.0352155
166.4,0.0729551,0.0352333
166.6,0.0775346,0.035157
166.8,0.0914439,0.0348539
167,0.100767,0.034437
167.2,0.103483,0.034468
167.4,0.119062,0.0335551
167.6,0.149362,0.0334791
167.8,0.153651,0.0340469
168,0.130062,0.0345415
168.2,0.102682,0.0345788
168.4,0.101981,0.0348897
168.6,0.110922,0.0344805
168.8,0.100923,0.0353298
169,0.0785235,0.0355054
169.2,0.0705939,0.0365975
169.4,0.0886061,0.0367893
169.6,0.113255,0.0362759
169.8,0.137222,0.0363393
170,0.130935,0.0368541
170.2,0.127414,0.0360249
170.4,0.122876,0.035516
170.6,0.120961,0.0333558
170.8,0.107832,0.0340585
171,0.0956705,0.0344052
171.2,0.0747713,0.0348298
171.4,0.0611591,0.034345
171.6,0.0598967,0.0336881
171.8,0.0423007,0.0340213
172,0.0497348,0.0356772
172.2,0.0761208,0.0350934
172.4,0.0625359,0.0354124
172.6,0.0268108,0.0343446
172.8,0.01568,0.034062
173,0.0170804,0.0348625
173.2,0.0207662,0.0348173
173.4,0.0110087,0.0331928
173.6,-0.00423783,0.0325712
173.8,0.0233191,0.0333093
174,0.0563572,0.0334733
174.2,0.0594071,0.0342476
174.4,0.0662654,0.034421
174.6,0.0925621,0.0345218
174.8,0.117738,0.0363935
175,0.112284,0.0374388
175.2,0.0990843,0.0363258
175.4,0.0991417,0.0370156
175.6,0.112536,0.0380349
175.8,0.109877,0.0381671
176,0.105493,0.0382274
176.2,0.0861053,0.0366993
176.4,0.0821658,0.0368678
176.6,0.0766143,0.0382681
176.8,0.0798006,0.0379888
177,0.0916709,0.0377791
177.2,0.100874,0.0381855
177.4,0.111756,0.0383056
177.6,0.12225,0.0384091
177.8,0.127498,0.0369662
178,0.164364,0.0383397
178.2,0.141316,0.0386408
178.4,0.130658,0.038322
178.6,0.109606,0.0370299
178.8,0.0876448,0.0377125
179,0.0843358,0.0390437
179.2,0.0724513,0.0396339
179.4,0.031983,0.0406978
179.6,0.0427747,0.0440479
179.8,0.0362702,0.0489024
179.95,0.0427049,0.0580263
2
0.8,0.0252876,0.000439919
1,0.0303577,0.000470603
1.2,0.034592,0.000494207
1.4,0.0385551,0.00051488
1.6,0.0403505,0.00053858
1.8,0.0428058,0.000565467
2,0.0458483,0.000598738
2.2,0.0486605,0.000631032
2.4,0.0519509,0.000667988
2.6,0.056948,0.000709775
2.8,0.0629002,0.000753289
3,0.0692111,0.000797569
3.2,0.0750783,0.000841124
3.4,0.0814193,0.000885886
3.6,0.0887529,0.000932091
3.8,0.0955763,0.000978553
4,0.102114,0.00102361
4.2,0.108901,0.00106589
4.4,0.113901,0.00110163
4.6,0.119266,0.00113695
4.8,0.125422,0.00116869
5,0.130095,0.00119555
5.2,0.136483,0.00122143
5.4,0.143226,0.00125206
5.6,0.148664,0.00128466
5.8,0.156365,0.00132372
6,0.164616,0.0013621
6.2,0.172323,0.00140281
6.4,0.179308,0.00144565
6.6,0.186156,0.00148608
6.8,0.192194,0.00152415
7,0.19825,0.00155786
7.2,0.204368,0.00158816
7.4,0.21049,0.00161826
7.6,0.216866,0.00164661
7.8,0.221768,0.00167118
8,0.226831,0.00169948
8.2,0.230755,0.00172627
8.4,0.236164,0.00175637
8.6,0.23855,0.00178492
8.8,0.239936,0.00181448
9,0.241367,0.00184567
9.2,0.241964,0.00187592
9.4,0.244921,0.00190958
9.6,0.24733,0.0019469
9.8,0.250095,0.00198379
10,0.253132,0.00202287
10.2,0.261084,0.00207111
10.4,0.269351,0.00212574
10.6,0.283642,0.00219528
10.8,0.297019,0.0022699
11,0.312358,0.00234899
11.2,0.326532,0.00242572
11.4,0.339873,0.0024942
11.6,0.34771,0.00254968
11.8,0.350557,0.00258721
12,0.350009,0.00261275
12.2,0.343635,0.00261936
12.4,0.336826,0.0026217
12.6,0.330039,0.00262497
12.8,0.325287,0.00263756
13,0.318894,0.00265254
13.2,0.31446,0.00267431
13.4,0.309823,0.00269979
13.6,0.310702,0.00273561
13.8,0.309198,0.00277093
14,0.308908,0.00280848
14.2,0.30746,0.00284519
14.4,0.308568,0.00288789
14.6,0.309767,0.00293833
14.8,0.315741,0.00299529
15,0.316786,0.00304586
15.2,0.319353,0.00309259
15.4,0.319775,0.00313429
15.6,0.323052,0.00318048
15.8,0.325179,0.00323289
16,0.326906,0.00327687
16.2,0.325329,0.00331567
16.4,0.324436,0.00336369
16.6,0.324904,0.00341236
16.8,0.325909,0.00347051
17,0.322923,0.00352589
17.2,0.324199,0.00357186
17.4,0.325367,0.00362685
17.6,0.32751,0.0036882
17.8,0.331889,0.00374498
18,0.334353,0.00380179
18.2,0.338032,0.00385711
18.4,0.339822,0.00391495
18.6,0.340033,0.00397827
18.8,0.342623,0.00403611
19,0.339976,0.0040943
19.2,0.336381,0.00415991
19.4,0.334579,0.0042199
19.6,0.334172,0.00427943
19.8,0.336542,0.0043244
20,0.334699,0.00436483
20.2,0.335549,0.00439798
20.4,0.335938,0.00442087
20.6,0.338145,0.00443546
20.8,0.340314,0.00445209
21,0.338729,0.00446647
21.2,0.338215,0.00448481
21.4,0.337373,0.00449439
21.6,0.339541,0.00451039
21.8,0.338664,0.00452718
22,0.338312,0.00454421
22.2,0.338926,0.00456439
22.4,0.339384,0.00458387
22.6,0.338908,0.00460092
22.8,0.338604,0.00461465
23,0.335988,0.00463322
23.2,0.33609,0.00465245
23.4,0.333735,0.00466717
23.6,0.333534,0.00468902
23.8,0.334932,0.00469931
24,0.336548,0.00472281
24.2,0.342517,0.00474549
24.4,0.345361,0.00476597
24.6,0.348925,0.00477236
24.8,0.353182,0.00478796
25,0.353308,0.00479143
25.2,0.354179,0.00481191
25.4,0.355865,0.00482278
25.6,0.355687,0.00484751
25.8,0.355318,0.00486488
26,0.360146,0.0049149
26.2,0.366988,0.00496901
26.4,0.37387,0.00502345
26.6,0.377001,0.00507323
26.8,0.376931,0.00512605
27,0.380151,0.00518972
27.2,0.385262,0.00526432
27.4,0.383173,0.00530175
27.6,0.380188,0.00533727
27.8,0.379626,0.00536773
28,0.377588,0.00539232
28.2,0.383237,0.00541096
28.4,0.383868,0.00540947
28.6,0.376869,0.0053883
28.8,0.379583,0.00537883
29,0.377068,0.0053601
29.2,0.378832,0.00535367
29.4,0.379503,0.00533272
29.6,0.376818,0.00530356
29.8,0.373846,0.00528019
30,0.374701,0.00526739
30.2,0.372048,0.00525125
30.4,0.369147,0.00523275
30.6,0.367217,0.00521306
30.8,0.366092,0.00520692
31,0.363042,0.00519923
31.2,0.362833,0.00519421
31.4,0.36692,0.00519474
31.6,0.366717,0.00520046
31.8,0.363769,0.00518252
32,0.357408,0.00516458
32.2,0.352054,0.00515625
32.4,0.352897,0.0051725
32.6,0.355443,0.00517798
32.8,0.353813,0.00518837
33,0.351724,0.00519477
33.2,0.357042,0.0052397
33.4,0.355069,0.00525141
33.6,0.357563,0.0052751
33.8,0.354209,0.00528066
34,0.34797,0.00528107
34.2,0.343782,0.00529107
34.4,0.34235,0.00530893
34.6,0.337465,0.0053093
34.8,0.33743,0.00534401
35,0.335654,0.00537268
35.2,0.334182,0.0053885
35.4,0.327976,0.00541187
35.6,0.326038,0.00543773
35.8,0.319505,0.0054561
36,0.317305,0.00548175
36.2,0.310414,0.00548542
36.4,0.303203,0.00547208
36.6,0.300282,0.0054903
36.8,0.299668,0.00550445
37,0.296112,0.00548129
37.2,0.29643,0.0054795
37.4,0.29697,0.00547631
37.6,0.296172,0.00546808
37.8,0.296342,0.00546975
38,0.296366,0.00546646
38.2,0.296,0.00544629
38.4,0.298363,0.00546003
38.6,0.296249,0.00543443
38.8,0.291791,0.00541086
39,0.291951,0.0054064
39.2,0.290374,0.00537954
39.4,0.284851,0.00535112
39.6,0.285116,0.00534512
39.8,0.278632,0.00530382
40,0.278003,0.00530371
40.2,0.275023,0.00528781
40.4,0.274126,0.00526115
40.6,0.271344,0.00525176
40.8,0.269119,0.00521986
41,0.263909,0.0051953
41.2,0.263004,0.0051916
41.4,0.257982,0.00515041
41.6,0.255561,0.00512185
41.8,0.253629,0.00513582
42,0.252966,0.00512837
42.2,0.251022,0.00513288
42.4,0.248641,0.00513419
42.6,0.241671,0.00510394
42.8,0.24004,0.00511156
43,0.23677,0.00511679
43.2,0.23095,0.00509862
43.4,0.226806,0.00509263
43.6,0.224436,0.00508319
43.8,0.220275,0.00508668
44,0.219445,0.0051135
44.2,0.221078,0.00512914
44.4,0.227155,0.00515137
44.6,0.23025,0.00515352
44.8,0.232665,0.00517716
45,0.232959,0.00519308
45.2,0.239509,0.00520597
45.4,0.24257,0.00523133
45.6,0.242994,0.00524022
45.8,0.238984,0.00525973
46,0.236428,0.00527111
46.2,0.234905,0.00525723
46.4,0.23478,0.00526754
46.6,0.233393,0.00528772
46.8,0.232484,0.00528237
47,0.233024,0.00531001
47.2,0.235191,0.00532494
47.4,0.238501,0.00534972
47.6,0.240576,0.00538696
47.8,0.245096,0.00542976
48,0.248694,0.00545514
48.2,0.254228,0.00549412
48.4,0.259667,0.00553157
48.6,0.258514,0.00554946
48.8,0.263956,0.0055918
49,0.268737,0.00563327
49.2,0.272736,0.00568082
49.4,0.275995,0.00573213
49.6,0.285083,0.00581051
49.8,0.290427,0.00585456
50,0.298927,0.00590665
50.2,0.306646,0.00597849
50.4,0.312333,0.00604984
50.6,0.316299,0.00607748
50.8,0.323201,0.00612983
51,0.323834,0.0061526
51.2,0.327338,0.00619633
51.4,0.329909,0.00621928
51.6,0.324011,0.00620653
51.8,0.328124,0.00622483
52,0.333243,0.00629118
52.2,0.329335,0.00629346
52.4,0.327094,0.00631517
52.6,0.321508,0.0063185
52.8,0.317124,0.00631696
53,0.313647,0.00632678
53.2,0.304866,0.00630348
53.4,0.294254,0.00626399
53.6,0.291157,0.00624609
53.8,0.282164,0.00621167
54,0.273942,0.00617555
54.2,0.267743,0.00616012
54.4,0.262278,0.00614026
54.6,0.253765,0.00612909
54.8,0.241604,0.00609319
55,0.226013,0.00601676
55.2,0.219452,0.0059733
55.4,0.21086,0.00591308
55.6,0.19612,0.00585401
55.8,0.187867,0.00581537
56,0.179553,0.00575431
56.2,0.176239,0.00571912
56.4,0.174263,0.00572157
56.6,0.16815,0.00567306
56.8,0.163432,0.00569184
57,0.165632,0.0057073
57.2,0.162147,0.00569599
57.4,0.158654,0.00570103
57.6,0.157972,0.00569292
57.8,0.157772,0.00569733
58,0.155463,0.0057511
58.2,0.156351,0.00575177
58.4,0.155504,0.00577738
58.6,0.150948,0.00577308
58.8,0.149917,0.00581027
59,0.149088,0.0058347
59.2,0.154356,0.00590851
59.4,0.158472,0.00594055
59.6,0.160052,0.00599843
59.8,0.16163,0.00600107
60,0.172114,0.00607857
60.2,0.183894,0.0061044
60.4,0.192634,0.00617644
60.6,0.188468,0.00617968
60.8,0.186122,0.00616188
61,0.193616,0.00621252
61.2,0.198805,0.006298
61.4,0.201449,0.00632536
61.6,0.202025,0.00638218
61.8,0.201676,0.00638345
62,0.213683,0.0064412
62.2,0.218712,0.00652909
62.4,0.220927,0.00655249
62.6,0.22208,0.00657369
62.8,0.223399,0.00661369
63,0.226113,0.00665164
63.2,0.230174,0.00673306
63.4,0.224938,0.00676515
63.6,0.236977,0.00684069
63.8,0.240028,0.0068814
64,0.243033,0.0069184
64.2,0.244333,0.00694282
64.4,0.242409,0.00696295
64.6,0.24517,0.00696698
64.8,0.24906,0.00700527
65,0.24531,0.00701006
65.2,0.248473,0.00705133
65.4,0.257321,0.00711225
65.6,0.261532,0.00718365
65.8,0.271795,0.00724015
66,0.274289,0.00728362
66.2,0.272755,0.00730964
66.4,0.27645,0.00733749
66.6,0.270807,0.0073228
66.8,0.265474,0.00731551
67,0.269336,0.00735986
67.2,0.263593,0.00738431
67.4,0.266432,0.00745586
67.6,0.270665,0.00748601
67.8,0.268383,0.00753877
68,0.273616,0.00763213
68.2,0.281192,0.00771173
68.4,0.28479,0.00776202
68.6,0.288254,0.00779167
68.8,0.290517,0.00783397
69,0.291716,0.00788033
69.2,0.290024,0.00789798
69.4,0.287019,0.0079119
69.6,0.28226,0.00790812
69.8,0.277437,0.0079249
70,0.279737,0.00797024
70.2,0.272949,0.00791954
70.4,0.270793,0.00793428
70.6,0.271671,0.00795709
70.8,0.275433,0.00799378
71,0.275439,0.00803467
71.2,0.270159,0.00797082
71.4,0.260286,0.00795426
71.6,0.254434,0.00793674
71.8,0.249887,0.00788802
72,0.240122,0.00779825
72.2,0.227814,0.00772742
72.4,0.223444,0.00765031
72.6,0.221545,0.00763957
72.8,0.220011,0.00759324
73,0.21737,0.00761403
73.2,0.212168,0.0076164
73.4,0.216098,0.00769366
73.6,0.21729,0.00771033
73.8,0.212947,0.00773953
74,0.207241,0.00778824
74.2,0.203265,0.00782316
74.4,0.207538,0.00782644
74.6,0.214539,0.00788577
74.8,0.213378,0.00794082
75,0.217485,0.0079735
75.2,0.218479,0.00798217
75.4,0.223172,0.00803142
75.6,0.228235,0.00803613
75.8,0.226829,0.00808449
76,0.227695,0.00815182
76.2,0.229199,0.00813056
76.4,0.22668,0.00812901
76.6,0.222546,0.00815939
76.8,0.220227,0.00812014
77,0.220355,0.00821492
77.2,0.218834,0.00820198
77.4,0.217919,0.00823422
77.6,0.222413,0.0082641
77.8,0.222582,0.00828164
78,0.227329,0.00833821
78.2,0.228016,0.00835664
78.4,0.231086,0.00834099
78.6,0.228489,0.00836507
78.8,0.226007,0.00833935
79,0.216875,0.00834769
79.2,0.218378,0.00839935
79.4,0.209523,0.0083666
79.6,0.206491,0.00838719
79.8,0.192433,0.00830286
80,0.186478,0.00832659
80.2,0.183507,0.00827425
80.4,0.180593,0.00822256
80.6,0.171064,0.00813942
80.8,0.171221,0.00811068
81,0.164341,0.00807321
81.2,0.168093,0.00814288
81.4,0.169943,0.00812867
81.6,0.165827,0.00816663
81.8,0.163732,0.00817102
82,0.166756,0.00821267
82.2,0.165679,0.00828655
82.4,0.1675,0.00829398
82.6,0.158381,0.00824969
82.8,0.152313,0.00822869
83,0.143621,0.00818066
83.2,0.141743,0.00817467
83.4,0.141811,0.00822557
83.6,0.14983,0.00823406
83.8,0.150793,0.00828012
84,0.156433,0.00831408
84.2,0.157064,0.00835152
84.4,0.165462,0.00843981
84.6,0.168694,0.00849468
84.8,0.163676,0.00857758
85,0.156297,0.00856814
85.2,0.153335,0.00857638
85.4,0.152281,0.00863514
85.6,0.152568,0.00865691
85.8,0.149699,0.00866987
86,0.144056,0.00873236
86.2,0.142432,0.00868103
86.4,0.134384,0.00864558
86.6,0.139573,0.00871038
86.8,0.14208,0.00875976
87,0.144228,0.00879303
87.2,0.143725,0.00879264
87.4,0.149008,0.00879124
87.6,0.149934,0.00881015
87.8,0.155911,0.00895546
88,0.149561,0.00890752
88.2,0.152471,0.00892294
88.4,0.152416,0.00900204
88.6,0.151816,0.00905981
88.8,0.151489,0.00915093
89,0.152683,0.00917719
89.2,0.155097,0.009176
89.4,0.158981,0.009289
89.6,0.16082,0.00937038
89.8,0.157474,0.00933569
90,0.160017,0.00936281
90.2,0.161719,0.00932845
90.4,0.156435,0.00935697
90.6,0.153868,0.009314
90.8,0.158333,0.00926602
91,0.15245,0.00923175
91.2,0.159631,0.0093354
91.4,0.160736,0.00941848
91.6,0.153291,0.00943807
91.8,0.155584,0.00948501
92,0.157782,0.00954795
92.2,0.148764,0.00959361
92.4,0.151666,0.00961475
92.6,0.145444,0.00955004
92.8,0.142916,0.00952855
93,0.142901,0.00954883
93.2,0.148195,0.00968369
93.4,0.14716,0.00975222
93.6,0.152085,0.00987427
93.8,0.1487,0.00984477
94,0.151083,0.00984877
94.2,0.150083,0.00980911
94.4,0.151945,0.00985979
94.6,0.1466,0.00977427
94.8,0.146897,0.00970384
95,0.147232,0.00964186
95.2,0.146257,0.00970527
95.4,0.147372,0.00979754
95.6,0.14511,0.00984569
95.8,0.14562,0.00984418
96,0.14641,0.00988253
96.2,0.141067,0.0100265
96.4,0.129549,0.0100581
96.6,0.132434,0.0101224
96.8,0.135595,0.0101827
97,0.136909,0.0101511
97.2,0.140266,0.0102654
97.4,0.132865,0.0101799
97.6,0.138398,0.0101934
97.8,0.144532,0.0102195
98,0.140515,0.0102707
98.2,0.13199,0.0102624
98.4,0.125769,0.0103084
98.6,0.121949,0.0102544
98.8,0.132857,0.0103566
99,0.128564,0.0103177
99.2,0.136774,0.010453
99.4,0.143039,0.0105124
99.6,0.148295,0.0105251
99.8,0.160077,0.010691
100,0.158012,0.010708
100.2,0.152688,0.0107957
100.4,0.153495,0.0109453
100.6,0.142194,0.0109489
100.8,0.138866,0.0108937
101,0.135518,0.0108933
101.2,0.133226,0.0108781
101.4,0.141981,0.0109499
101.6,0.142258,0.0109318
101.8,0.144862,0.0108208
102,0.147386,0.0108227
102.2,0.148879,0.0108887
102.4,0.149957,0.0110642
102.6,0.153525,0.0110656
102.8,0.149261,0.0111679
103,0.154331,0.011211
103.2,0.15338,0.0113104
103.4,0.15784,0.0114012
103.6,0.154211,0.0114144
103.8,0.155738,0.0113712
104,0.147638,0.0113787
104.2,0.148703,0.0113231
104.4,0.14777,0.0113088
104.6,0.149186,0.0113152
104.8,0.145836,0.0112745
105,0.144594,0.0113561
105.2,0.145613,0.0113933
105.4,0.148472,0.0115481
105.6,0.151426,0.011637
105.8,0.14881,0.0117554
106,0.14806,0.0118153
106.2,0.149125,0.0119724
106.4,0.152473,0.0121093
106.6,0.156859,0.0121762
106.8,0.160731,0.0122457
107,0.156551,0.0123604
107.2,0.147433,0.0122734
107.4,0.152333,0.0123664
107.6,0.162077,0.0125174
107.8,0.171139,0.0125723
108,0.166443,0.012644
108.2,0.165495,0.0126635
108.4,0.177687,0.0128312
108.6,0.19575,0.0130591
108.8,0.194282,0.0130846
109,0.207209,0.0131442
109.2,0.209272,0.0131926
109.4,0.213146,0.0133055
109.6,0.213287,0.0132929
109.8,0.216141,0.0132616
110,0.214964,0.0134082
110.2,0.219241,0.0136624
110.4,0.204758,0.0136492
110.6,0.203511,0.0136623
110.8,0.210375,0.0137532
111,0.209878,0.013817
111.2,0.201358,0.013816
111.4,0.201715,0.0138148
111.6,0.200144,0.0137573
111.8,0.204917,0.013841
112,0.198478,0.0138463
112.2,0.194084,0.0138656
112.4,0.205857,0.0139488
112.6,0.209493,0.0139677
112.8,0.208186,0.0138863
113,0.208077,0.0139519
113.2,0.209367,0.014
113.4,0.202161,0.0140602
113.6,0.200404,0.0141095
113.8,0.187119,0.0141345
114,0.182032,0.0142063
114.2,0.180569,0.0144096
114.4,0.183857,0.0143726
114.6,0.182685,0.0143545
114.8,0.195263,0.0144744
115,0.199994,0.0145021
115.2,0.202171,0.0145703
115.4,0.199814,0.0144964
115.6,0.199759,0.014552
115.8,0.20096,0.0147574
116,0.205856,0.0148919
116.2,0.206847,0.0149288
116.4,0.204251,0.0150247
116.6,0.205629,0.0151248
116.8,0.20841,0.0153125
117,0.208074,0.0153045
117.2,0.210172,0.0151521
117.4,0.203759,0.0152598
117.6,0.20045,0.0153541
117.8,0.206968,0.0153607
118,0.213866,0.0154466
118.2,0.219816,0.0156776
118.4,0.225819,0.0158423
118.6,0.218263,0.0161052
118.8,0.22011,0.0159125
119,0.22798,0.0158998
119.2,0.238904,0.0162253
119.4,0.242119,0.0163461
119.6,0.249831,0.0164571
119.8,0.254573,0.0164829
120,0.266227,0.0166362
120.2,0.270069,0.0168753
120.4,0.267997,0.0169597
120.6,0.262839,0.0167591
120.8,0.268245,0.0167713
121,0.263207,0.0166903
121.2,0.25857,0.0166543
121.4,0.243681,0.0163842
121.6,0.235664,0.0163862
121.8,0.23526,0.0165006
122,0.224061,0.0166777
122.2,0.218695,0.0167518
122.4,0.210012,0.0165723
122.6,0.211665,0.0166195
122.8,0.22185,0.0167395
123,0.219038,0.016747
123.2,0.206323,0.0165769
123.4,0.210416,0.0165832
123.6,0.207575,0.0165869
123.8,0.203652,0.0167005
124,0.197558,0.0167955
124.2,0.196189,0.0169364
124.4,0.200707,0.0170126
124.6,0.211307,0.0172583
124.8,0.200917,0.0169587
125,0.198448,0.0169786
125.2,0.206174,0.0170481
125.4,0.202554,0.0169679
125.6,0.203155,0.0170424
125.8,0.202166,0.0171041
126,0.199132,0.0170394
126.2,0.19756,0.0171836
126.4,0.199469,0.0173048
126.6,0.204816,0.0175384
126.8,0.215523,0.0177316
127,0.211124,0.017595
127.2,0.201042,0.0173962
127.4,0.18765,0.0173474
127.6,0.191588,0.0175481
127.8,0.186802,0.0175116
128,0.173106,0.0173273
128.2,0.162132,0.0171563
128.4,0.153586,0.0171776
128.6,0.151362,0.0172162
128.8,0.172095,0.0173325
129,0.165632,0.0171583
129.2,0.148653,0.0171854
129.4,0.157708,0.0172865
129.6,0.15788,0.0173818
129.8,0.165597,0.0174096
130,0.179477,0.0175919
130.2,0.17326,0.0176262
130.4,0.163053,0.0176483
130.6,0.177187,0.0176074
130.8,0.162131,0.0174131
131,0.162304,0.0175139
131.2,0.165037,0.0177532
131.4,0.156073,0.0177338
131.6,0.153556,0.0177622
131.8,0.157841,0.0176882
132,0.151144,0.0176381
132.2,0.150147,0.0176295
132.4,0.141049,0.0174069
132.6,0.12789,0.0171549
132.8,0.12178,0.0171909
133,0.115433,0.0171046
133.2,0.121956,0.0172277
133.4,0.126853,0.0173605
133.6,0.131092,0.0176257
133.8,0.135721,0.0177719
134,0.140189,0.0178419
134.2,0.141706,0.0176821
134.4,0.137524,0.0177009
134.6,0.143637,0.0179337
134.8,0.14103,0.0178078
135,0.135913,0.0176161
135.2,0.131248,0.0175716
135.4,0.142766,0.0176171
135.6,0.14689,0.017858
135.8,0.149674,0.0178004
136,0.141844,0.0176023
136.2,0.143252,0.0177221
136.4,0.152318,0.0178171
136.6,0.151025,0.0180047
136.8,0.141596,0.0181991
137,0.133263,0.0182541
137.2,0.137846,0.0183954
137.4,0.13936,0.0184385
137.6,0.141424,0.0183527
137.8,0.141953,0.0184012
138,0.164828,0.0185663
138.2,0.168388,0.0187335
138.4,0.168896,0.0185821
138.6,0.159098,0.0188126
138.8,0.161839,0.0189277
139,0.15387,0.0189119
139.2,0.152327,0.0190033
139.4,0.141602,0.0190086
139.6,0.132381,0.0186484
139.8,0.141118,0.0189894
140,0.14586,0.0190248
140.2,0.148779,0.0191248
140.4,0.161074,0.0193125
140.6,0.161309,0.0195007
140.8,0.164806,0.019519
141,0.178783,0.0199625
141.2,0.174076,0.0198616
141.4,0.172357,0.0197284
141.6,0.167619,0.0197659
141.8,0.163801,0.019971
142,0.158048,0.0199477
142.2,0.158331,0.0201023
142.4,0.146359,0.020038
142.6,0.134731,0.0200913
142.8,0.129782,0.0201167
143,0.114293,0.0201313
143.2,0.0999316,0.0196616
143.4,0.101493,0.0195305
143.6,0.0855761,0.0194575
143.8,0.0768009,0.0192675
144,0.0923821,0.0191287
144.2,0.0917803,0.0194628
144.4,0.10069,0.0195775
144.6,0.113127,0.0201351
144.8,0.114674,0.0204056
145,0.111899,0.0202479
145.2,0.124033,0.0201949
145.4,0.114915,0.0201776
145.6,0.119894,0.0201027
145.8,0.121812,0.0200529
146,0.123801,0.019939
146.2,0.122727,0.0200738
146.4,0.119541,0.020111
146.6,0.111282,0.0203104
146.8,0.110023,0.0204531
147,0.10688,0.0203234
147.2,0.105169,0.020235
147.4,0.0985172,0.0201368
147.6,0.0973195,0.0199963
147.8,0.109497,0.0202528
148,0.106675,0.0203267
148.2,0.113268,0.0205311
148.4,0.113804,0.0206907
148.6,0.114038,0.0211177
148.8,0.124964,0.0215328
149,0.127196,0.021761
149.2,0.123706,0.0215041
149.4,0.125633,0.0214296
149.6,0.123369,0.0214898
149.8,0.12159,0.0213904
150,0.124805,0.0212897
150.2,0.102212,0.0211808
150.4,0.104574,0.0209912
150.6,0.118801,0.0210564
150.8,0.126107,0.0211211
151,0.133657,0.0210637
151.2,0.136037,0.0208177
151.4,0.136478,0.0207152
151.6,0.15618,0.0206422
151.8,0.154397,0.0206002
152,0.144778,0.0207948
152.2,0.142429,0.0207121
152.4,0.131974,0.0205805
152.6,0.13537,0.0208969
152.8,0.145812,0.021222
153,0.133962,0.0212197
153.2,0.131194,0.021225
153.4,0.136627,0.0210058
153.6,0.13112,0.0209803
153.8,0.12975,0.0210749
154,0.127981,0.0213101
154.2,0.105982,0.0209446
154.4,0.0912227,0.0211238
154.6,0.0783263,0.0210564
154.8,0.0608612,0.0211788
155,0.046936,0.0215233
155.2,0.0485656,0.0214456
155.4,0.05462,0.0213505
155.6,0.0659929,0.0213718
155.8,0.0853049,0.0213451
156,0.103945,0.0218623
156.2,0.105256,0.0221561
156.4,0.115948,0.0219763
156.6,0.11854,0.022352
156.8,0.129447,0.022811
157,0.12201,0.0227751
157.2,0.120385,0.0230544
157.4,0.119042,0.0231464
157.6,0.12002,0.0230649
157.8,0.121535,0.0229676
158,0.123765,0.0225903
158.2,0.103802,0.0223218
158.4,0.0960589,0.0225328
158.6,0.0996685,0.0228796
158.8,0.0914,0.0224474
159,0.0887616,0.0221893
159.2,0.0806936,0.0224562
159.4,0.0720774,0.022598
159.6,0.0682869,0.0225396
159.8,0.0835998,0.0226499
160,0.0717371,0.0219401
160.2,0.0644009,0.0219101
160.4,0.0734423,0.0222959
160.6,0.0834822,0.0223333
160.8,0.0809986,0.0226536
161,0.0945983,0.0229467
161.2,0.0949732,0.0227733
161.4,0.106487,0.0231497
161.6,0.123974,0.0234422
161.8,0.121164,0.0233672
162,0.113871,0.0232043
162.2,0.126013,0.023325
162.4,0.118257,0.0233973
162.6,0.10862,0.0238235
162.8,0.0940491,0.0235427
163,0.0807128,0.0235474
163.2,0.085114,0.0238913
163.4,0.0993278,0.0244035
163.6,0.098202,0.0242922
163.8,0.103239,0.0239854
164,0.113222,0.0237489
164.2,0.126074,0.024203
164.4,0.12876,0.0244409
164.6,0.125643,0.0244069
164.8,0.126673,0.0242192
165,0.119153,0.0241991
165.2,0.115813,0.0241085
165.4,0.107329,0.0244375
165.6,0.100026,0.0244183
165.8,0.103149,0.0241559
166,0.106619,0.0244076
166.2,0.114513,0.024778
166.4,0.127445,0.0248982
166.6,0.134879,0.0251978
166.8,0.147387,0.0253006
167,0.160171,0.0253193
167.2,0.156147,0.0254993
167.4,0.148548,0.0252286
167.6,0.130644,0.025012
167.8,0.123468,0.025195
168,0.101349,0.0252618
168.2,0.0880322,0.0252302
168.4,0.0834534,0.0253281
168.6,0.0872002,0.0251156
168.8,0.104719,0.0255608
169,0.112452,0.0257404
169.2,0.111628,0.0260533
169.4,0.129073,0.0261556
169.6,0.149299,0.0259832
169.8,0.153707,0.0256812
170,0.151457,0.026314
170.2,0.143643,0.0262351
170.4,0.144298,0.0263798
170.6,0.136369,0.0261343
170.8,0.124453,0.0260778
171,0.110377,0.026218
171.2,0.121393,0.0265762
171.4,0.137826,0.0264988
171.6,0.129808,0.0263079
171.8,0.115536,0.0259035
172,0.117011,0.0256406
172.2,0.115042,0.0256979
172.4,0.10789,0.0256477
172.6,0.0811524,0.0257703
172.8,0.0583846,0.0256796
173,0.0679369,0.0259509
173.2,0.0731895,0.0260238
173.4,0.0759072,0.0257809
173.6,0.094705,0.0260045
173.8,0.111242,0.0265256
174,0.126839,0.0267934
174.2,0.142565,0.0270911
174.4,0.143495,0.0268427
174.6,0.146478,0.0268954
174.8,0.153128,0.0271796
175,0.132684,0.0272716
175.2,0.12627,0.0268342
175.4,0.123998,0.0265682
175.6,0.110566,0.0265451
175.8,0.0982619,0.02658
176,0.0940727,0.0267926
176.2,0.0808724,0.0270189
176.4,0.0876255,0.0270171
176.6,0.0813341,0.0271367
176.8,0.0802335,0.0268525
177,0.0914352,0.0262942
177.2,0.0980466,0.0262275
177.4,0.0940603,0.0259428
177.6,0.0968781,0.0256868
177.8,0.104882,0.0253159
178,0.133412,0.0260498
178.2,0.137857,0.026407
178.4,0.14022,0.027048
178.6,0.135981,0.0272358
178.8,0.146317,0.0275916
179,0.160066,0.0280951
179.2,0.14734,0.0281986
179.4,0.112977,0.029177
179.6,0.102951,0.0317292
179.8,0.0907792,0.0348523
179.95,0.0896264,0.0397754
