# X , Y , E Distribution=true
0
0.8,0.0265102,0.00047266
1,0.0320963,0.000505536
1.2,0.0369181,0.000531506
1.4,0.0420859,0.000554655
1.6,0.0453757,0.000580876
1.8,0.0492488,0.000608864
2,0.0530607,0.000645825
2.2,0.056868,0.000682489
2.4,0.0619073,0.000724987
2.6,0.0681149,0.000771952
2.8,0.074209,0.000820748
3,0.0808336,0.000867494
3.2,0.0875908,0.000914261
3.4,0.094472,0.000961462
3.6,0.100907,0.00100634
3.8,0.106675,0.00105064
4,0.112667,0.00109612
4.2,0.118511,0.00113899
4.4,0.124597,0.00118127
4.6,0.130939,0.00122232
4.8,0.137081,0.00126011
5,0.143871,0.00129748
5.2,0.151181,0.00133904
5.4,0.159791,0.00138113
5.6,0.166993,0.00142307
5.8,0.174833,0.00147186
6,0.183269,0.00152124
6.2,0.192607,0.00157357
6.4,0.202683,0.00162662
6.6,0.212188,0.00167484
6.8,0.219205,0.00172322
7,0.227514,0.00176831
7.2,0.234436,0.00180906
7.4,0.240166,0.00184435
7.6,0.246133,0.00187791
7.8,0.250938,0.00191108
8,0.25432,0.00194577
8.2,0.258835,0.00198
8.4,0.262574,0.0020156
8.6,0.267406,0.00205153
8.8,0.271794,0.00209225
9,0.274302,0.00212837
9.2,0.27635,0.002163
9.4,0.280906,0.00220531
9.6,0.284594,0.00224784
9.8,0.290192,0.00229453
10,0.294806,0.00233819
10.2,0.300581,0.00238975
10.4,0.308297,0.00245229
10.6,0.320755,0.00252808
10.8,0.332461,0.00260385
11,0.344671,0.00268257
11.2,0.356165,0.00275955
11.4,0.369617,0.00283897
11.6,0.379457,0.00290482
11.8,0.38484,0.00295352
12,0.385906,0.00298689
12.2,0.384039,0.00301047
12.4,0.381,0.00302649
12.6,0.374069,0.00303305
12.8,0.364329,0.00303712
13,0.355898,0.00304508
13.2,0.353,0.0030684
13.4,0.348494,0.00309535
13.6,0.346289,0.00312771
13.8,0.345686,0.0031611
14,0.347542,0.00321237
14.2,0.348443,0.00326039
14.4,0.353626,0.00332096
14.6,0.355909,0.00337894
14.8,0.357714,0.00343595
15,0.362317,0.00349531
15.2,0.362444,0.00355285
15.4,0.364073,0.00360197
15.6,0.367819,0.00365123
15.8,0.366026,0.00369278
16,0.367787,0.00374118
16.2,0.371655,0.00379477
16.4,0.369205,0.00383761
16.6,0.369651,0.00388671
16.8,0.371713,0.00394419
17,0.374127,0.00401844
17.2,0.372895,0.00408185
17.4,0.371565,0.0041457
17.6,0.369224,0.00421318
17.8,0.369331,0.004296
18,0.372644,0.00438548
18.2,0.372408,0.00446899
18.4,0.370452,0.00453755
18.6,0.37737,0.00463127
18.8,0.377751,0.00471783
19,0.38066,0.00482323
19.2,0.378496,0.0049126
19.4,0.37885,0.00499756
19.6,0.378924,0.00508606
19.8,0.377663,0.0051587
20,0.373689,0.00522323
20.2,0.375418,0.00527699
20.4,0.375412,0.00530844
20.6,0.379277,0.00533412
20.8,0.37704,0.00536502
21,0.373982,0.0053838
21.2,0.374645,0.00541177
21.4,0.375978,0.0054341
21.6,0.376017,0.00547218
21.8,0.376403,0.00550198
22,0.382236,0.00554956
22.2,0.382535,0.0055711
22.4,0.382303,0.00559951
22.6,0.381547,0.00563155
22.8,0.384355,0.00566487
23,0.381459,0.00568169
23.2,0.380189,0.00570582
23.4,0.377697,0.00572544
23.6,0.378212,0.00575438
23.8,0.383776,0.00578604
24,0.387794,0.00582379
24.2,0.38769,0.00584218
24.4,0.394205,0.00589024
24.6,0.393974,0.00591485
24.8,0.39465,0.00593444
25,0.399688,0.00595246
25.2,0.400132,0.00596975
25.4,0.404581,0.00598312
25.6,0.410284,0.00602637
25.8,0.410875,0.00605106
26,0.414502,0.00609255
26.2,0.417055,0.00614559
26.4,0.422455,0.00622524
26.6,0.426946,0.00629185
26.8,0.426556,0.00636968
27,0.427916,0.00644083
27.2,0.432263,0.0065288
27.4,0.438973,0.00661479
27.6,0.437207,0.00667924
27.8,0.435397,0.00672597
28,0.439853,0.00678211
28.2,0.442876,0.00681109
28.4,0.442678,0.00681925
28.6,0.439648,0.00680118
28.8,0.432782,0.00677929
29,0.434268,0.00674549
29.2,0.43718,0.0067216
29.4,0.427268,0.00668422
29.6,0.420256,0.00664955
29.8,0.415377,0.00662453
30,0.411325,0.00659576
30.2,0.411728,0.00656796
30.4,0.408291,0.00656447
30.6,0.403316,0.00655178
30.8,0.408272,0.00653516
31,0.412504,0.00654327
31.2,0.412536,0.00653007
31.4,0.417356,0.00652566
31.6,0.419865,0.00651683
31.8,0.419835,0.00651476
32,0.418172,0.00649111
32.2,0.414793,0.00649574
32.4,0.40896,0.00647097
32.6,0.409159,0.00648589
32.8,0.406171,0.00651424
33,0.402011,0.00652864
33.2,0.402455,0.00654519
33.4,0.401026,0.00658329
33.6,0.399199,0.00661202
33.8,0.402721,0.006641
34,0.403054,0.00668023
34.2,0.399113,0.00668347
34.4,0.398339,0.0067212
34.6,0.397701,0.00675659
34.8,0.399761,0.00680549
35,0.402067,0.00681801
35.2,0.397885,0.0068578
35.4,0.390244,0.00684513
35.6,0.386819,0.00687882
35.8,0.380582,0.00691463
36,0.374493,0.00692068
36.2,0.368875,0.00693686
36.4,0.364557,0.0069839
36.6,0.363649,0.00699568
36.8,0.360696,0.00702544
37,0.360666,0.0070542
37.2,0.360679,0.00704962
37.4,0.361528,0.0070788
37.6,0.362832,0.0070765
37.8,0.364081,0.00706257
38,0.36044,0.00706417
38.2,0.363638,0.00708651
38.4,0.358146,0.00705018
38.6,0.361088,0.00705415
38.8,0.361579,0.0070328
39,0.360984,0.00701833
39.2,0.353399,0.00699915
39.4,0.352429,0.00699392
39.6,0.351251,0.00698488
39.8,0.356404,0.007007
40,0.35153,0.00699349
40.2,0.348068,0.0069876
40.4,0.34017,0.0069734
40.6,0.340914,0.00698058
40.8,0.335938,0.0069536
41,0.33193,0.00690472
41.2,0.32455,0.00684989
41.4,0.317809,0.00682145
41.6,0.310397,0.00681063
41.8,0.305319,0.00677267
42,0.30403,0.00677538
42.2,0.300224,0.00677062
42.4,0.294189,0.00677306
42.6,0.290962,0.00678664
42.8,0.288065,0.00678124
43,0.289281,0.00677611
43.2,0.286197,0.00679026
43.4,0.281384,0.00677587
43.6,0.280227,0.00680194
43.8,0.279039,0.00682351
44,0.276563,0.00681723
44.2,0.27565,0.00684547
44.4,0.277261,0.00688002
44.6,0.278541,0.00689747
44.8,0.276201,0.00690517
45,0.276561,0.00691492
45.2,0.278682,0.00693224
45.4,0.28365,0.00699739
45.6,0.285984,0.00702219
45.8,0.286213,0.00705114
46,0.288048,0.00706081
46.2,0.289345,0.00708427
46.4,0.286306,0.00707628
46.6,0.283375,0.00708969
46.8,0.283253,0.00706874
47,0.284005,0.00708077
47.2,0.28206,0.00708813
47.4,0.281148,0.00713995
47.6,0.279098,0.00715218
47.8,0.288643,0.00722959
48,0.294408,0.0072744
48.2,0.29595,0.00733218
48.4,0.301911,0.00738622
48.6,0.306141,0.00745782
48.8,0.316085,0.00751249
49,0.326376,0.00759184
49.2,0.325011,0.00764249
49.4,0.331248,0.00774623
49.6,0.339958,0.00783619
49.8,0.343339,0.00790317
50,0.34786,0.00792166
50.2,0.346879,0.00798872
50.4,0.345122,0.00804141
50.6,0.35801,0.0081275
50.8,0.363591,0.00818129
51,0.367448,0.00825028
51.2,0.367819,0.00831051
51.4,0.366919,0.00833611
51.6,0.365653,0.008362
51.8,0.377831,0.00843502
52,0.368504,0.00839447
52.2,0.36245,0.00836177
52.4,0.359436,0.00835996
52.6,0.359503,0.00837988
52.8,0.356543,0.00841009
53,0.360713,0.00842181
53.2,0.354073,0.00844301
53.4,0.356611,0.00851979
53.6,0.353033,0.00852339
53.8,0.348943,0.00851302
54,0.34266,0.00847742
54.2,0.336834,0.00846216
54.4,0.323076,0.00842676
54.6,0.308638,0.00832146
54.8,0.293225,0.00824239
55,0.278742,0.00819393
55.2,0.26495,0.00813383
55.4,0.246566,0.00803739
55.6,0.233143,0.00798935
55.8,0.223829,0.00793014
56,0.216572,0.0079035
56.2,0.206019,0.00786172
56.4,0.204344,0.00787203
56.6,0.196494,0.00785204
56.8,0.194266,0.00785741
57,0.191196,0.00787218
57.2,0.187216,0.00787352
57.4,0.180115,0.00783238
57.6,0.180774,0.00781538
57.8,0.174132,0.00778188
58,0.167912,0.00774934
58.2,0.172809,0.00783868
58.4,0.177455,0.00787359
58.6,0.181264,0.00793639
58.8,0.186132,0.00802191
59,0.195825,0.00813159
59.2,0.203558,0.00819971
59.4,0.209447,0.00823722
59.6,0.210482,0.00823057
59.8,0.211807,0.00827873
60,0.215484,0.00831485
60.2,0.219987,0.00832518
60.4,0.218238,0.00830676
60.6,0.215674,0.00831588
60.8,0.22323,0.00836613
61,0.23212,0.00847743
61.2,0.238245,0.00848647
61.4,0.242671,0.00853387
61.6,0.247948,0.00865155
61.8,0.244145,0.00864694
62,0.248477,0.00864788
62.2,0.251595,0.00877485
62.4,0.255527,0.00876447
62.6,0.256808,0.00885928
62.8,0.261466,0.00893736
63,0.261317,0.00893877
63.2,0.270731,0.00906459
63.4,0.274644,0.00916393
63.6,0.280013,0.00915147
63.8,0.282957,0.00924577
64,0.289006,0.00930848
64.2,0.28715,0.00931129
64.4,0.292409,0.00940358
64.6,0.297181,0.00948437
64.8,0.301692,0.00957163
65,0.297393,0.00963804
65.2,0.294462,0.00964013
65.4,0.291176,0.00963703
65.6,0.299146,0.00974147
65.8,0.305467,0.00987275
66,0.300529,0.00991655
66.2,0.304103,0.00996864
66.4,0.309485,0.010053
66.6,0.311877,0.0100959
66.8,0.316205,0.0101419
67,0.317913,0.0102148
67.2,0.310803,0.0101706
67.4,0.306868,0.0101536
67.6,0.298195,0.0101345
67.8,0.294117,0.0101273
68,0.290791,0.0101754
68.2,0.292244,0.0102682
68.4,0.290723,0.0102479
68.6,0.292469,0.0102097
68.8,0.303366,0.0103204
69,0.308849,0.0103384
69.2,0.308187,0.0103432
69.4,0.303322,0.0103411
69.6,0.301571,0.0103372
69.8,0.300803,0.0103381
70,0.300269,0.0103984
70.2,0.304466,0.0103746
70.4,0.304835,0.0104245
70.6,0.311904,0.0105877
70.8,0.312632,0.010589
71,0.306237,0.0105619
71.2,0.30007,0.0106041
71.4,0.297464,0.0106307
71.6,0.282117,0.0106284
71.8,0.282155,0.0106465
72,0.270791,0.0105375
72.2,0.269391,0.0105835
72.4,0.260963,0.0105305
72.6,0.250908,0.0104556
72.8,0.243192,0.0104206
73,0.242151,0.0104431
73.2,0.237332,0.0105044
73.4,0.235028,0.0104908
73.6,0.235247,0.0104498
73.8,0.241846,0.0105554
74,0.245659,0.0106149
74.2,0.243208,0.0106483
74.4,0.24605,0.0107171
74.6,0.240158,0.0106804
74.8,0.24279,0.0107656
75,0.239518,0.0108782
75.2,0.241368,0.0109078
75.4,0.244078,0.0110089
75.6,0.247719,0.0110918
75.8,0.246051,0.0110582
76,0.255944,0.0111385
76.2,0.262809,0.0111566
76.4,0.266941,0.0111468
76.6,0.269006,0.0112035
76.8,0.271382,0.0112108
77,0.274375,0.0112572
77.2,0.280348,0.0113618
77.4,0.280052,0.0113506
77.6,0.279334,0.0114224
77.8,0.277707,0.0114979
78,0.275192,0.011531
78.2,0.268957,0.0115072
78.4,0.265193,0.0114327
78.6,0.260346,0.0113976
78.8,0.253968,0.0115398
79,0.241094,0.011529
79.2,0.233126,0.0114302
79.4,0.227596,0.0114151
79.6,0.230164,0.0114241
79.8,0.228502,0.0114891
80,0.219496,0.0114945
80.2,0.209694,0.011303
80.4,0.211159,0.0111891
80.6,0.210505,0.0112082
80.8,0.200265,0.0111393
81,0.186741,0.0111399
81.2,0.182286,0.0110928
81.4,0.183593,0.0109648
81.6,0.183082,0.0109386
81.8,0.176221,0.0109689
82,0.172349,0.0110029
82.2,0.176704,0.0109768
82.4,0.178948,0.0109099
82.6,0.181539,0.0109847
82.8,0.185465,0.0110777
83,0.186433,0.0111525
83.2,0.188544,0.0111663
83.4,0.193885,0.0112765
83.6,0.195166,0.011362
83.8,0.194846,0.011452
84,0.193079,0.0114662
84.2,0.187207,0.0115685
84.4,0.182484,0.0116431
84.6,0.17504,0.0117375
84.8,0.166243,0.0116531
85,0.160117,0.0117694
85.2,0.15798,0.0118637
85.4,0.147393,0.0118229
85.6,0.144696,0.0118301
85.8,0.152869,0.0119159
86,0.154331,0.0118817
86.2,0.157554,0.0119804
86.4,0.155294,0.0118544
86.6,0.163178,0.0120016
86.8,0.174125,0.0121644
87,0.167577,0.0121985
87.2,0.156269,0.0122083
87.4,0.154533,0.0122394
87.6,0.155213,0.0123071
87.8,0.153801,0.0124688
88,0.140205,0.0122838
88.2,0.126116,0.0122288
88.4,0.132862,0.0122567
88.6,0.138652,0.0123542
88.8,0.148364,0.0124149
89,0.148378,0.0123405
89.2,0.14638,0.012228
89.4,0.14807,0.012279
89.6,0.160975,0.0122409
89.8,0.156534,0.012211
90,0.157197,0.012111
90.2,0.151552,0.0120493
90.4,0.152404,0.0121885
90.6,0.163315,0.0122929
90.8,0.167377,0.0123837
91,0.158158,0.0125235
91.2,0.159458,0.0125986
91.4,0.156001,0.0126853
91.6,0.150445,0.0127183
91.8,0.148354,0.0126966
92,0.150484,0.012804
92.2,0.151307,0.0128707
92.4,0.154062,0.0128934
92.6,0.165069,0.01308
92.8,0.166776,0.0131084
93,0.178631,0.0131495
93.2,0.183817,0.0131925
93.4,0.170691,0.0131758
93.6,0.163062,0.0130814
93.8,0.158562,0.0129849
94,0.14213,0.0128183
94.2,0.140765,0.0127885
94.4,0.139826,0.0129932
94.6,0.142109,0.0130776
94.8,0.147752,0.0131252
95,0.153783,0.0132338
95.2,0.160173,0.0133582
95.4,0.165458,0.0134149
95.6,0.161301,0.0135121
95.8,0.149638,0.0134693
96,0.148163,0.0134852
96.2,0.150784,0.0135506
96.4,0.150119,0.0136996
96.6,0.149582,0.0137763
96.8,0.157716,0.0139722
97,0.169304,0.0139839
97.2,0.168298,0.0139653
97.4,0.163064,0.0140175
97.6,0.158919,0.0141057
97.8,0.158402,0.0140245
98,0.163971,0.0141121
98.2,0.156014,0.0140051
98.4,0.140693,0.0140918
98.6,0.148189,0.0141994
98.8,0.149203,0.0142592
99,0.148938,0.0141711
99.2,0.153313,0.0143028
99.4,0.149724,0.0143926
99.6,0.152785,0.0145163
99.8,0.158779,0.0144819
100,0.161235,0.0145809
100.2,0.163991,0.0146287
100.4,0.168101,0.0147909
100.6,0.160178,0.0146958
100.8,0.147786,0.0146152
101,0.14131,0.0146206
101.2,0.14179,0.0146081
101.4,0.141534,0.0146616
101.6,0.131323,0.0146777
101.8,0.130093,0.0148517
102,0.13541,0.0150103
102.2,0.132281,0.0149425
102.4,0.131462,0.0148601
102.6,0.136198,0.0150712
102.8,0.139999,0.0151289
103,0.141529,0.0151946
103.2,0.133243,0.0149647
103.4,0.133142,0.0149889
103.6,0.1551,0.0152156
103.8,0.170054,0.0154784
104,0.173523,0.0154884
104.2,0.167107,0.0153751
104.4,0.164287,0.015411
104.6,0.174272,0.0157613
104.8,0.183183,0.0159685
105,0.178018,0.0160925
105.2,0.162795,0.0159569
105.4,0.159093,0.0160667
105.6,0.151137,0.0162223
105.8,0.164982,0.0163776
106,0.163458,0.0163431
106.2,0.153376,0.0161754
106.4,0.153381,0.0161964
106.6,0.159738,0.0164477
106.8,0.159358,0.0164336
107,0.171744,0.0166157
107.2,0.171988,0.0165934
107.4,0.175309,0.0167975
107.6,0.181173,0.0170501
107.8,0.186402,0.0170458
108,0.188693,0.0171715
108.2,0.198776,0.0172799
108.4,0.196876,0.0171808
108.6,0.206587,0.0173777
108.8,0.217315,0.0174635
109,0.220318,0.0175044
109.2,0.216757,0.0176614
109.4,0.227878,0.0177275
109.6,0.229853,0.0179371
109.8,0.245934,0.0184602
110,0.244343,0.0185872
110.2,0.232828,0.0185181
110.4,0.23145,0.0186657
110.6,0.232939,0.0187094
110.8,0.229123,0.0187503
111,0.226083,0.0187836
111.2,0.216494,0.0185428
111.4,0.208135,0.0184287
111.6,0.21662,0.0186011
111.8,0.21479,0.0188548
112,0.211674,0.0190208
112.2,0.217418,0.0193261
112.4,0.217035,0.0194217
112.6,0.219088,0.0195644
112.8,0.22964,0.0199685
113,0.227344,0.0201361
113.2,0.225087,0.0198533
113.4,0.219955,0.0197364
113.6,0.206091,0.019431
113.8,0.210118,0.0194282
114,0.210124,0.0194154
114.2,0.198461,0.0192695
114.4,0.196603,0.0192387
114.6,0.210733,0.0194582
114.8,0.217308,0.0197476
115,0.222054,0.019882
115.2,0.215011,0.0198869
115.4,0.213796,0.0197433
115.6,0.212471,0.0199165
115.8,0.209353,0.0197771
116,0.203468,0.0198847
116.2,0.195743,0.0198067
116.4,0.192153,0.0199062
116.6,0.190505,0.0200464
116.8,0.186904,0.0203273
117,0.196197,0.020291
117.2,0.194798,0.0205451
117.4,0.188541,0.0205373
117.6,0.204165,0.0208088
117.8,0.20471,0.0209981
118,0.209884,0.021206
118.2,0.216866,0.0215849
118.4,0.224042,0.0217571
118.6,0.235446,0.0219161
118.8,0.238758,0.0219769
119,0.234065,0.0221147
119.2,0.245788,0.0221913
119.4,0.260962,0.022239
119.6,0.261387,0.0223146
119.8,0.255122,0.022443
120,0.243237,0.0222688
120.2,0.24567,0.0223326
120.4,0.242058,0.0223813
120.6,0.239791,0.0225783
120.8,0.216653,0.0224327
121,0.230218,0.0224401
121.2,0.249469,0.0226288
121.4,0.250556,0.0229161
121.6,0.266032,0.0235123
121.8,0.267879,0.0235173
122,0.260508,0.0233441
122.2,0.27541,0.0235067
122.4,0.268252,0.0234044
122.6,0.253391,0.0233698
122.8,0.266459,0.0235352
123,0.256617,0.0231349
123.2,0.261764,0.0230317
123.4,0.266666,0.0232688
123.6,0.256794,0.0234647
123.8,0.255701,0.0234623
124,0.242947,0.0234381
124.2,0.232403,0.0230749
124.4,0.234352,0.0232059
124.6,0.238663,0.023503
124.8,0.249407,0.0236582
125,0.266435,0.0238766
125.2,0.243156,0.024078
125.4,0.248567,0.0241975
125.6,0.264583,0.0247384
125.8,0.260739,0.0246727
126,0.25269,0.0248979
126.2,0.250902,0.0249222
126.4,0.231383,0.0245505
126.6,0.247709,0.0243643
126.8,0.24516,0.0245147
127,0.234111,0.0242751
127.2,0.240525,0.0243082
127.4,0.251226,0.0241025
127.6,0.236871,0.0240589
127.8,0.230368,0.0242411
128,0.228858,0.024447
128.2,0.222836,0.0243016
128.4,0.21928,0.0243231
128.6,0.189329,0.0244335
128.8,0.157545,0.0244583
129,0.150295,0.0246328
129.2,0.149778,0.0247322
129.4,0.148238,0.0245211
129.6,0.159372,0.024458
129.8,0.14316,0.0244586
130,0.166293,0.024644
130.2,0.173255,0.0248567
130.4,0.170244,0.0243622
130.6,0.160238,0.0239948
130.8,0.146505,0.0238998
131,0.125092,0.0234992
131.2,0.147749,0.0235173
131.4,0.139677,0.023161
131.6,0.145383,0.0226711
131.8,0.155268,0.0229797
132,0.172367,0.0232105
132.2,0.179396,0.0236366
132.4,0.182563,0.0240847
132.6,0.158163,0.0242795
132.8,0.150508,0.0243607
133,0.161158,0.024683
133.2,0.16965,0.0247336
133.4,0.173143,0.0246528
133.6,0.173864,0.0245191
133.8,0.177643,0.0244212
134,0.190348,0.0243359
134.2,0.196227,0.0245948
134.4,0.192233,0.0243771
134.6,0.17189,0.0241572
134.8,0.162292,0.0245515
135,0.161523,0.0245539
135.2,0.152494,0.0242919
135.4,0.150752,0.0242523
135.6,0.153437,0.023829
135.8,0.151031,0.0239247
136,0.155876,0.0243662
136.2,0.164989,0.0247478
136.4,0.177872,0.0252495
136.6,0.181274,0.025265
136.8,0.182312,0.0250804
137,0.18866,0.0257876
137.2,0.183842,0.0262694
137.4,0.195139,0.0262261
137.6,0.196139,0.025799
137.8,0.190647,0.02551
138,0.19973,0.025972
138.2,0.19801,0.0261058
138.4,0.184237,0.0258794
138.6,0.187597,0.0256845
138.8,0.182179,0.0259812
139,0.17516,0.0257066
139.2,0.169417,0.0257885
139.4,0.17011,0.0257438
139.6,0.179099,0.0263743
139.8,0.185662,0.0263054
140,0.183607,0.0260177
140.2,0.18731,0.0260128
140.4,0.203896,0.0266339
140.6,0.206216,0.0266691
140.8,0.197438,0.0267573
141,0.183388,0.0266421
141.2,0.180283,0.0268055
141.4,0.169745,0.0274638
141.6,0.157694,0.0275582
141.8,0.137584,0.0272659
142,0.149513,0.027848
142.2,0.159332,0.0282292
142.4,0.169228,0.0278706
142.6,0.179636,0.0282553
142.8,0.197418,0.0283993
143,0.192721,0.0282764
143.2,0.184232,0.0287244
143.4,0.159698,0.0283195
143.6,0.164632,0.0284629
143.8,0.166781,0.0285767
144,0.152081,0.0280661
144.2,0.156782,0.0278189
144.4,0.175205,0.0278439
144.6,0.174466,0.0277268
144.8,0.163367,0.027416
145,0.15212,0.0270287
145.2,0.127117,0.0269185
145.4,0.121864,0.0268473
145.6,0.111829,0.0265007
145.8,0.0872274,0.0261553
146,0.0889305,0.0261935
146.2,0.107971,0.0267046
146.4,0.101604,0.026651
146.6,0.125001,0.0270767
146.8,0.135889,0.0275055
147,0.141362,0.0278785
147.2,0.155574,0.0281478
147.4,0.162397,0.0281559
147.6,0.159411,0.0277007
147.8,0.164054,0.0279167
148,0.164836,0.0283507
148.2,0.170702,0.028169
148.4,0.162745,0.0281904
148.6,0.170243,0.0289112
148.8,0.163269,0.0289384
149,0.167557,0.0295101
149.2,0.177591,0.0291946
149.4,0.166882,0.0284657
149.6,0.147783,0.0283245
149.8,0.148166,0.0286199
150,0.14512,0.0285689
150.2,0.162052,0.0290394
150.4,0.163291,0.0291057
150.6,0.164868,0.0296555
150.8,0.157218,0.0301739
151,0.167447,0.0304928
151.2,0.164848,0.030334
151.4,0.16433,0.0299721
151.6,0.150574,0.0294548
151.8,0.157457,0.0293258
152,0.170599,0.0293132
152.2,0.189307,0.0295805
152.4,0.187943,0.029994
152.6,0.169384,0.0304855
152.8,0.146944,0.0309092
153,0.146666,0.0305537
153.2,0.127364,0.0304108
153.4,0.0963027,0.0303085
153.6,0.0872447,0.0303635
153.8,0.0927672,0.0307624
154,0.11679,0.0304156
154.2,0.1191,0.0295468
154.4,0.126844,0.030411
154.6,0.137994,0.0305613
154.8,0.154306,0.0309326
155,0.155437,0.0314542
155.2,0.152095,0.0310237
155.4,0.159031,0.0307934
155.6,0.184619,0.0312116
155.8,0.176304,0.0312742
156,0.172923,0.031658
156.2,0.168211,0.0313556
156.4,0.166873,0.0305066
156.6,0.157706,0.0299143
156.8,0.144254,0.0295795
157,0.138662,0.0297054
157.2,0.130578,0.0296106
157.4,0.120473,0.0292731
157.6,0.112855,0.0296282
157.8,0.0988212,0.0296164
158,0.105953,0.0301111
158.2,0.111992,0.0311565
158.4,0.11226,0.0312951
158.6,0.118913,0.0311491
158.8,0.113896,0.0314398
159,0.0946396,0.0318565
159.2,0.082277,0.0320094
159.4,0.0718427,0.0326026
159.6,0.0760466,0.0328399
159.8,0.0876374,0.0332742
160,0.0977869,0.0336193
160.2,0.121048,0.0339096
160.4,0.153126,0.0333134
160.6,0.18302,0.0335513
160.8,0.198099,0.0333188
161,0.206952,0.0332371
161.2,0.204142,0.0330272
161.4,0.204642,0.033367
161.6,0.186607,0.0337775
161.8,0.174193,0.0346808
162,0.168277,0.0350366
162.2,0.161437,0.0359635
162.4,0.153781,0.035955
162.6,0.139963,0.0358512
162.8,0.139118,0.035651
163,0.138214,0.0349778
163.2,0.128102,0.0347788
163.4,0.124155,0.0347435
163.6,0.127673,0.0337311
163.8,0.117296,0.0332518
164,0.120744,0.0333901
164.2,0.112645,0.033499
164.4,0.108889,0.0334437
164.6,0.133668,0.0332456
164.8,0.132922,0.032388
165,0.141312,0.032735
165.2,0.150415,0.0335761
165.4,0.15189,0.0344663
165.6,0.158635,0.0345551
165.8,0.177434,0.0352589
166,0.17019,0.0355413
166.2,0.190381,0.0360041
166.4,0.167481,0.0352454
166.6,0.149381,0.0342408
166.8,0.14409,0.0331349
167,0.139852,0.0324113
167.2,0.14088,0.0313982
167.4,0.153465,0.0309999
167.6,0.140297,0.0311336
167.8,0.148466,0.0314524
168,0.147569,0.0318503
168.2,0.139645,0.0322195
168.4,0.142823,0.0330607
168.6,0.129758,0.0337728
168.8,0.0856901,0.0341781
169,0.0888551,0.034912
169.2,0.10842,0.0358748
169.4,0.125167,0.0359225
169.6,0.123422,0.0358145
169.8,0.112163,0.0356187
170,0.144584,0.0365523
170.2,0.191441,0.0371686
170.4,0.190497,0.0372741
170.6,0.180507,0.0370935
170.8,0.182215,0.0374383
171,0.196952,0.037399
171.2,0.207898,0.0373393
171.4,0.171618,0.0358079
171.6,0.137292,0.0348707
171.8,0.131616,0.0348216
172,0.117114,0.0349855
172.2,0.102221,0.0355167
172.4,0.0837589,0.0360347
172.6,0.0738089,0.0355928
172.8,0.0834493,0.0359387
173,0.0975171,0.0358755
173.2,0.0886715,0.0353503
173.4,0.0967848,0.0345545
173.6,0.0950204,0.0334617
173.8,0.081215,0.033086
174,0.0750028,0.0334467
174.2,0.061262,0.0337642
174.4,0.0649863,0.0337405
174.6,0.0800074,0.0337884
174.8,0.0819061,0.0335437
175,0.0852844,0.0345345
175.2,0.128175,0.0354333
175.4,0.114101,0.0360387
175.6,0.108915,0.0366265
175.8,0.0960153,0.0375859
176,0.0946733,0.0378948
176.2,0.100215,0.0383571
176.4,0.10991,0.0381936
176.6,0.099607,0.0374374
176.8,0.114248,0.0373141
177,0.119397,0.0372521
177.2,0.130346,0.0371944
177.4,0.138576,0.0378868
177.6,0.130067,0.0381534
177.8,0.118632,0.037838
178,0.0955587,0.037888
178.2,0.0891592,0.0373627
178.4,0.0952776,0.0362586
178.6,0.0918813,0.0354783
178.8,0.0748413,0.0345313
179,0.0639343,0.0347369
179.2,0.0710579,0.034976
179.4,0.0826279,0.037792
179.6,0.0969556,0.0416677
179.8,0.100696,0.0473394
179.95,0.0950256,0.0545071
1
0.8,0.00784227,0.000291144
1,0.00921294,0.00031606
1.2,0.0107051,0.000335684
1.4,0.0119983,0.000350562
1.6,0.0115863,0.000372433
1.8,0.0124014,0.000402725
2,0.012962,0.000431377
2.2,0.0135752,0.000457792
2.4,0.0145179,0.00048484
2.6,0.0152078,0.000517494
2.8,0.0165585,0.000559394
3,0.0188342,0.000603137
3.2,0.0204892,0.000644749
3.4,0.0222458,0.000689663
3.6,0.0253364,0.000739488
3.8,0.0281082,0.000794474
4,0.0314133,0.00084536
4.2,0.0340212,0.000887509
4.4,0.035676,0.000917776
4.6,0.0368328,0.000941222
4.8,0.0380704,0.000956495
5,0.037783,0.000960235
5.2,0.0383132,0.000958303
5.4,0.0380477,0.000956833
5.6,0.0383664,0.000964317
5.8,0.0394836,0.000976144
6,0.0413576,0.000993167
6.2,0.0435697,0.00102077
6.4,0.0463838,0.00105102
6.6,0.0477026,0.00108205
6.8,0.0497614,0.00111082
7,0.0513665,0.00113585
7.2,0.0531975,0.00116108
7.4,0.0552043,0.00118843
7.6,0.0569003,0.00121671
7.8,0.0584278,0.00124295
8,0.0606348,0.001265
8.2,0.0619234,0.0012874
8.4,0.063134,0.00130883
8.6,0.064764,0.00133927
8.8,0.0667608,0.00137453
9,0.0693536,0.00140082
9.2,0.0703409,0.00143163
9.4,0.0706944,0.00146329
9.6,0.0724574,0.00150479
9.8,0.0751234,0.00155027
10,0.0768013,0.00159836
10.2,0.0799936,0.00165449
10.4,0.0841421,0.00171957
10.6,0.0903269,0.00179799
10.8,0.100118,0.00189755
11,0.10804,0.00198988
11.2,0.114453,0.00206963
11.4,0.121509,0.00214762
11.6,0.125776,0.00221127
11.8,0.128505,0.00225778
12,0.129609,0.00229219
12.2,0.126868,0.00231113
12.4,0.123558,0.00232246
12.6,0.11983,0.00233853
12.8,0.117456,0.00237249
13,0.114052,0.00239381
13.2,0.111431,0.00242442
13.4,0.109441,0.00245916
13.6,0.109394,0.00249156
13.8,0.111536,0.00253613
14,0.114459,0.00258777
14.2,0.115333,0.00262849
14.4,0.117887,0.00267708
14.6,0.121125,0.00273981
14.8,0.12551,0.00280534
15,0.127415,0.00287427
15.2,0.127745,0.00292551
15.4,0.12717,0.00298347
15.6,0.128792,0.00303757
15.8,0.130476,0.00311631
16,0.132465,0.0031858
16.2,0.132575,0.00325473
16.4,0.132725,0.00332463
16.6,0.133353,0.00339901
16.8,0.136735,0.0034833
17,0.138528,0.00356249
17.2,0.141118,0.0036299
17.4,0.142734,0.00368604
17.6,0.145691,0.00374467
17.8,0.14589,0.00377596
18,0.148133,0.00382264
18.2,0.149345,0.00384225
18.4,0.149231,0.00385766
18.6,0.148936,0.00387769
18.8,0.14678,0.00390609
19,0.146504,0.00393829
19.2,0.148853,0.00398159
19.4,0.147575,0.00400888
19.6,0.148129,0.00405298
19.8,0.148196,0.00408186
20,0.147136,0.00409249
20.2,0.148583,0.00412216
20.4,0.143942,0.00412365
20.6,0.141249,0.00412849
20.8,0.140472,0.00413289
21,0.140762,0.00413106
21.2,0.141892,0.00415761
21.4,0.145244,0.00418675
21.6,0.143004,0.0041859
21.8,0.14627,0.00419564
22,0.150079,0.00422465
22.2,0.151974,0.00424718
22.4,0.151221,0.00428289
22.6,0.148649,0.00429507
22.8,0.148299,0.00432036
23,0.149072,0.00435026
23.2,0.14848,0.00437133
23.4,0.149341,0.00440302
23.6,0.150109,0.00444606
23.8,0.149766,0.00444716
24,0.152688,0.00445812
24.2,0.15114,0.00446458
24.4,0.154507,0.00447826
24.6,0.157028,0.00450444
24.8,0.158055,0.00450686
25,0.160093,0.00450515
25.2,0.162927,0.00453382
25.4,0.167669,0.00457751
25.6,0.170531,0.00461316
25.8,0.170733,0.00465575
26,0.174225,0.00470794
26.2,0.174724,0.00475906
26.4,0.17588,0.00483151
26.6,0.178868,0.00491452
26.8,0.178502,0.00497384
27,0.181801,0.00504205
27.2,0.182154,0.00510308
27.4,0.178519,0.00514368
27.6,0.180258,0.00520275
27.8,0.183153,0.00524695
28,0.180005,0.00526106
28.2,0.178429,0.00529027
28.4,0.176305,0.00529555
28.6,0.182233,0.00533095
28.8,0.184843,0.005341
29,0.186498,0.00534951
29.2,0.188976,0.00535
29.4,0.188974,0.0053518
29.6,0.187463,0.00533269
29.8,0.187025,0.0053461
30,0.183709,0.00533919
30.2,0.188406,0.00535758
30.4,0.183997,0.00533692
30.6,0.174879,0.0053275
30.8,0.178654,0.00533977
31,0.185677,0.00538534
31.2,0.186111,0.00538199
31.4,0.184043,0.00536787
31.6,0.178524,0.00535343
31.8,0.178025,0.00535395
32,0.184029,0.00537566
32.2,0.176425,0.00536785
32.4,0.17099,0.00535434
32.6,0.166886,0.00536749
32.8,0.167447,0.00540453
33,0.16744,0.00545829
33.2,0.167942,0.00550442
33.4,0.167202,0.00552467
33.6,0.17492,0.00559772
33.8,0.175807,0.00565668
34,0.1787,0.00571651
34.2,0.179756,0.00576966
34.4,0.176633,0.00581446
34.6,0.177443,0.00585243
34.8,0.175756,0.00589956
35,0.165904,0.0058851
35.2,0.165855,0.00592769
35.4,0.16781,0.00595281
35.6,0.165226,0.00596438
35.8,0.161848,0.00594728
36,0.160885,0.00598073
36.2,0.155553,0.00595348
36.4,0.162719,0.00600054
36.6,0.157708,0.0059738
36.8,0.15156,0.00596841
37,0.148021,0.00592843
37.2,0.149362,0.00591415
37.4,0.14372,0.00588236
37.6,0.143386,0.0059119
37.8,0.137207,0.00586655
38,0.137523,0.00586123
38.2,0.133764,0.00583803
38.4,0.134449,0.0058514
38.6,0.134754,0.005845
38.8,0.137513,0.00581074
39,0.141695,0.0058044
39.2,0.14085,0.00577436
39.4,0.138453,0.00575843
39.6,0.141472,0.00571628
39.8,0.140466,0.00569431
40,0.138018,0.00568232
40.2,0.134316,0.00565246
40.4,0.130196,0.00559262
40.6,0.13276,0.00560246
40.8,0.130318,0.00554467
41,0.128382,0.00554824
41.2,0.127803,0.00551377
41.4,0.126463,0.00549702
41.6,0.126608,0.00551432
41.8,0.120882,0.00550041
42,0.118962,0.00549782
42.2,0.11734,0.00549051
42.4,0.11701,0.00546035
42.6,0.117786,0.0054604
42.8,0.12166,0.00545406
43,0.123422,0.00548476
43.2,0.127181,0.00549357
43.4,0.125555,0.00543948
43.6,0.126235,0.00543531
43.8,0.129542,0.00547358
44,0.126129,0.00549745
44.2,0.121461,0.0055153
44.4,0.119916,0.00548287
44.6,0.119369,0.00549169
44.8,0.118642,0.00548333
45,0.12313,0.0054908
45.2,0.119684,0.00550778
45.4,0.12703,0.00557925
45.6,0.130315,0.00560058
45.8,0.134301,0.00564755
46,0.135633,0.00566559
46.2,0.136163,0.00575951
46.4,0.136256,0.00584218
46.6,0.136298,0.00585007
46.8,0.133521,0.00582711
47,0.133481,0.00586561
47.2,0.133105,0.00588925
47.4,0.13406,0.00593034
47.6,0.136605,0.00596208
47.8,0.13765,0.00599034
48,0.143464,0.00606952
48.2,0.148661,0.00615525
48.4,0.152368,0.00620848
48.6,0.15392,0.00625581
48.8,0.160507,0.00634058
49,0.162898,0.00642113
49.2,0.164761,0.00644637
49.4,0.173121,0.00652913
49.6,0.173049,0.00658896
49.8,0.180534,0.00668816
50,0.1863,0.00678459
50.2,0.18931,0.00687234
50.4,0.194682,0.00690086
50.6,0.202522,0.00706212
50.8,0.203002,0.00709691
51,0.207752,0.0071289
51.2,0.207176,0.00717364
51.4,0.208747,0.00725249
51.6,0.204572,0.00722886
51.8,0.205751,0.00728857
52,0.201752,0.00726506
52.2,0.19603,0.00726179
52.4,0.190995,0.00724361
52.6,0.190856,0.00724417
52.8,0.187459,0.00718845
53,0.185751,0.00720898
53.2,0.184844,0.00718581
53.4,0.180588,0.0071357
53.6,0.176764,0.00713441
53.8,0.177286,0.00719319
54,0.173498,0.00711702
54.2,0.168782,0.00712016
54.4,0.162243,0.00703019
54.6,0.149931,0.0069615
54.8,0.147464,0.00694533
55,0.144569,0.00693299
55.2,0.136159,0.00679918
55.4,0.127097,0.00678778
55.6,0.116966,0.00668549
55.8,0.119305,0.00671838
56,0.115713,0.00665131
56.2,0.112094,0.00655687
56.4,0.107311,0.00647284
56.6,0.104329,0.00648584
56.8,0.107392,0.00649105
57,0.10926,0.00651358
57.2,0.103152,0.00644433
57.4,0.104225,0.00652221
57.6,0.0998804,0.00656047
57.8,0.101525,0.00659514
58,0.0965979,0.00657149
58.2,0.0942619,0.00663653
58.4,0.0942629,0.00665385
58.6,0.099755,0.00672182
58.8,0.105091,0.00681664
59,0.109932,0.00687296
59.2,0.105668,0.00690419
59.4,0.11289,0.00703526
59.6,0.110274,0.0069991
59.8,0.114094,0.00708531
60,0.109882,0.00711759
60.2,0.108123,0.00712754
60.4,0.112746,0.00728936
60.6,0.120862,0.00738485
60.8,0.126376,0.00742223
61,0.130384,0.00760571
61.2,0.130125,0.00766292
61.4,0.131649,0.0077681
61.6,0.135948,0.00788727
61.8,0.134781,0.00789994
62,0.13286,0.00800075
62.2,0.129794,0.00804893
62.4,0.133332,0.00808496
62.6,0.139176,0.00820233
62.8,0.144447,0.00826504
63,0.143683,0.00825377
63.2,0.143792,0.00826466
63.4,0.155379,0.00835745
63.6,0.159969,0.00844285
63.8,0.161354,0.00846731
64,0.160336,0.00845104
64.2,0.157164,0.00845871
64.4,0.159606,0.00851869
64.6,0.167002,0.00861845
64.8,0.160721,0.00865489
65,0.16518,0.00869801
65.2,0.172408,0.00876454
65.4,0.177539,0.00895282
65.6,0.192274,0.00906531
65.8,0.19956,0.00914338
66,0.204295,0.00925901
66.2,0.208768,0.00925985
66.4,0.204862,0.0092309
66.6,0.206287,0.00938625
66.8,0.208184,0.00934174
67,0.207685,0.00942361
67.2,0.206629,0.00949181
67.4,0.201235,0.00950214
67.6,0.20143,0.009552
67.8,0.205914,0.00966855
68,0.196758,0.00953588
68.2,0.193906,0.00959116
68.4,0.190206,0.00965441
68.6,0.186025,0.00960062
68.8,0.187256,0.00961458
69,0.180367,0.00960444
69.2,0.182669,0.00966882
69.4,0.191442,0.00981012
69.6,0.19767,0.00994221
69.8,0.204135,0.00999702
70,0.204242,0.0100722
70.2,0.19986,0.0100793
70.4,0.210649,0.0102518
70.6,0.206638,0.0102711
70.8,0.201675,0.0102269
71,0.203628,0.0102432
71.2,0.195189,0.0101219
71.4,0.19341,0.0100914
71.6,0.189028,0.0100961
71.8,0.177033,0.00997114
72,0.174578,0.0100229
72.2,0.168307,0.00992912
72.4,0.154839,0.0097377
72.6,0.158381,0.00984531
72.8,0.157717,0.00980731
73,0.157989,0.00980869
73.2,0.159006,0.00983725
73.4,0.158893,0.00974212
73.6,0.166621,0.00989495
73.8,0.167265,0.00986996
74,0.158246,0.00986998
74.2,0.157778,0.0100004
74.4,0.159115,0.0101207
74.6,0.157617,0.0100934
74.8,0.152342,0.0101865
75,0.145769,0.0101555
75.2,0.147447,0.010321
75.4,0.149107,0.0103219
75.6,0.153787,0.0102727
75.8,0.160499,0.0102886
76,0.168506,0.010413
76.2,0.176053,0.0104053
76.4,0.176982,0.0104439
76.6,0.179127,0.0104229
76.8,0.176928,0.0104334
77,0.169115,0.0104803
77.2,0.164964,0.0104887
77.4,0.162879,0.0104727
77.6,0.158943,0.0104312
77.8,0.162515,0.0105102
78,0.15745,0.0105603
78.2,0.160583,0.0106471
78.4,0.163088,0.0106604
78.6,0.160748,0.0106467
78.8,0.161192,0.010824
79,0.155522,0.0109064
79.2,0.141011,0.0109141
79.4,0.139652,0.0108931
79.6,0.139844,0.010868
79.8,0.138763,0.0109878
80,0.131244,0.0108791
80.2,0.118584,0.0106507
80.4,0.120651,0.0106863
80.6,0.130184,0.010632
80.8,0.125006,0.0106279
81,0.125691,0.0106073
81.2,0.122818,0.0105315
81.4,0.127218,0.0107061
81.6,0.130518,0.0107991
81.8,0.124456,0.0107115
82,0.120578,0.0107013
82.2,0.129696,0.0106697
82.4,0.126135,0.0107763
82.6,0.123554,0.010916
82.8,0.119588,0.0109548
83,0.11195,0.0107335
83.2,0.111503,0.0108312
83.4,0.111114,0.01098
83.6,0.10272,0.0110456
83.8,0.0963206,0.010934
84,0.0962956,0.0108202
84.2,0.0995103,0.0107019
84.4,0.102942,0.0109348
84.6,0.101333,0.0109095
84.8,0.0963317,0.0107025
85,0.0971036,0.0107353
85.2,0.100594,0.0108285
85.4,0.0975013,0.0109152
85.6,0.0883518,0.0110107
85.8,0.0822685,0.0110963
86,0.0844238,0.011259
86.2,0.0876677,0.0114943
86.4,0.0918519,0.0115974
86.6,0.0906271,0.011528
86.8,0.0983157,0.0115035
87,0.105636,0.0115516
87.2,0.119025,0.0117116
87.4,0.120639,0.0116467
87.6,0.116114,0.0116677
87.8,0.103317,0.011683
88,0.0934225,0.0118958
88.2,0.0918119,0.012083
88.4,0.0934988,0.0123143
88.6,0.0883642,0.0122752
88.8,0.0865091,0.0122723
89,0.0883675,0.0123111
89.2,0.0937319,0.0122891
89.4,0.0927755,0.0122011
89.6,0.0900707,0.012179
89.8,0.0890084,0.0121091
90,0.0821301,0.012004
90.2,0.0846156,0.0121046
90.4,0.0876225,0.0121307
90.6,0.0856213,0.0123028
90.8,0.0950755,0.0122733
91,0.0930744,0.0122962
91.2,0.095803,0.0122431
91.4,0.0976635,0.0121743
91.6,0.090219,0.0121594
91.8,0.0854582,0.0121164
92,0.0927432,0.0119954
92.2,0.0973745,0.0121676
92.4,0.10203,0.0121883
92.6,0.101245,0.0122091
92.8,0.109589,0.012379
93,0.114534,0.0123535
93.2,0.119526,0.0124187
93.4,0.123039,0.0125682
93.6,0.11745,0.0126936
93.8,0.116213,0.0128003
94,0.114179,0.0127957
94.2,0.109415,0.0128004
94.4,0.112797,0.0132304
94.6,0.10447,0.0132226
94.8,0.0978004,0.013368
95,0.101836,0.0132818
95.2,0.09704,0.0132833
95.4,0.0889745,0.0134413
95.6,0.0882054,0.0134846
95.8,0.0876675,0.0133504
96,0.0937953,0.013553
96.2,0.094418,0.0135017
96.4,0.0946037,0.0136322
96.6,0.0995556,0.0136217
96.8,0.103832,0.0135845
97,0.112072,0.0136902
97.2,0.108716,0.0132716
97.4,0.111989,0.0132808
97.6,0.104422,0.0132685
97.8,0.0967201,0.0132666
98,0.0954907,0.0132924
98.2,0.0902017,0.0133399
98.4,0.0867281,0.0133219
98.6,0.0914023,0.0138276
98.8,0.0814396,0.0138172
99,0.0896978,0.0141468
99.2,0.0907623,0.0142548
99.4,0.09274,0.0144581
99.6,0.0938828,0.0143178
99.8,0.0849412,0.0143366
100,0.0786741,0.0141825
100.2,0.0875947,0.0143199
100.4,0.0938271,0.0142715
100.6,0.101512,0.0146473
100.8,0.0986159,0.0145235
101,0.111146,0.015001
101.2,0.115488,0.0150452
101.4,0.125657,0.0152632
101.6,0.130642,0.0152801
101.8,0.129378,0.0153742
102,0.133608,0.015254
102.2,0.127917,0.0153416
102.4,0.116266,0.015143
102.6,0.113673,0.0150976
102.8,0.119668,0.0151986
103,0.119471,0.0152015
103.2,0.104346,0.0149054
103.4,0.103961,0.0149442
103.6,0.109577,0.0147651
103.8,0.113804,0.0149131
104,0.115945,0.0150342
104.2,0.102658,0.0148784
104.4,0.0993102,0.0150475
104.6,0.113456,0.0153648
104.8,0.11323,0.0153347
105,0.114789,0.0159725
105.2,0.120025,0.0160412
105.4,0.121487,0.0162875
105.6,0.117247,0.0164003
105.8,0.113623,0.0165001
106,0.109237,0.0166603
106.2,0.116113,0.0168791
106.4,0.123532,0.0168164
106.6,0.12648,0.0170984
106.8,0.134507,0.0175253
107,0.143847,0.0178695
107.2,0.151424,0.0181663
107.4,0.160746,0.0184282
107.6,0.14352,0.0180746
107.8,0.140116,0.0180348
108,0.142307,0.0178141
108.2,0.150006,0.017544
108.4,0.169748,0.0174481
108.6,0.175056,0.0172111
108.8,0.174678,0.0170185
109,0.180299,0.0171808
109.2,0.1952,0.0174766
109.4,0.189889,0.0175364
109.6,0.182991,0.017887
109.8,0.162358,0.0179084
110,0.163928,0.0182758
110.2,0.176396,0.0186196
110.4,0.180866,0.0190126
110.6,0.172919,0.0191423
110.8,0.174708,0.0194119
111,0.17841,0.0191053
111.2,0.191442,0.0193911
111.4,0.182659,0.0191854
111.6,0.164453,0.0188581
111.8,0.163454,0.0186799
112,0.155841,0.0185472
112.2,0.154781,0.0184403
112.4,0.160431,0.0186176
112.6,0.158015,0.018497
112.8,0.159531,0.0185628
113,0.172248,0.0190727
113.2,0.179215,0.0195835
113.4,0.184612,0.0195902
113.6,0.187263,0.0198268
113.8,0.174959,0.019566
114,0.167342,0.0195539
114.2,0.153281,0.0193713
114.4,0.152016,0.0190879
114.6,0.146469,0.0189013
114.8,0.152513,0.019046
115,0.154244,0.0189686
115.2,0.159391,0.0194894
115.4,0.152462,0.0196572
115.6,0.171072,0.0199949
115.8,0.15548,0.020117
116,0.15867,0.0200293
116.2,0.15667,0.0203601
116.4,0.156669,0.020515
116.6,0.15186,0.0202988
116.8,0.155096,0.0203397
117,0.157146,0.0206616
117.2,0.173071,0.0208293
117.4,0.177177,0.0210048
117.6,0.173688,0.0207048
117.8,0.173807,0.0209051
118,0.183747,0.0214223
118.2,0.183641,0.0213528
118.4,0.176714,0.0210594
118.6,0.161662,0.0209491
118.8,0.153238,0.0213247
119,0.159749,0.0215976
119.2,0.166022,0.0215257
119.4,0.17397,0.0216325
119.6,0.18167,0.0219496
119.8,0.184783,0.0221874
120,0.209557,0.0225816
120.2,0.21062,0.022187
120.4,0.193208,0.02219
120.6,0.183533,0.0222004
120.8,0.169592,0.0219046
121,0.179845,0.0222056
121.2,0.182408,0.0222638
121.4,0.164764,0.0219181
121.6,0.169417,0.0219833
121.8,0.184354,0.022001
122,0.188792,0.0220198
122.2,0.19312,0.0221665
122.4,0.174725,0.021508
122.6,0.169664,0.021415
122.8,0.176099,0.0218295
123,0.173741,0.022122
123.2,0.17577,0.0224405
123.4,0.1768,0.0229724
123.6,0.161501,0.0227971
123.8,0.174746,0.0234232
124,0.179141,0.0236732
124.2,0.170114,0.023471
124.4,0.174823,0.0233929
124.6,0.179516,0.02347
124.8,0.185966,0.0233395
125,0.183921,0.0240782
125.2,0.172145,0.0238423
125.4,0.16231,0.0238532
125.6,0.168512,0.0239675
125.8,0.152587,0.0240431
126,0.127522,0.0235179
126.2,0.114817,0.0232548
126.4,0.119574,0.0227071
126.6,0.12662,0.023238
126.8,0.137388,0.0236087
127,0.137504,0.0236717
127.2,0.139895,0.0238482
127.4,0.150626,0.0238861
127.6,0.147703,0.0238528
127.8,0.149148,0.0240172
128,0.130886,0.0233223
128.2,0.127789,0.0228155
128.4,0.130179,0.0228817
128.6,0.136135,0.0233413
128.8,0.152885,0.0239515
129,0.156176,0.0239586
129.2,0.164627,0.0240732
129.4,0.169833,0.0244512
129.6,0.169617,0.0247663
129.8,0.1504,0.0246886
130,0.145626,0.0241307
130.2,0.122559,0.0233782
130.4,0.117244,0.0234041
130.6,0.103024,0.023349
130.8,0.0985428,0.0235816
131,0.0821078,0.0234485
131.2,0.0923634,0.0241502
131.4,0.10266,0.0242629
131.6,0.111759,0.0247181
131.8,0.110856,0.0250374
132,0.107311,0.0246876
132.2,0.109103,0.0244315
132.4,0.123952,0.0248181
132.6,0.117636,0.0242651
132.8,0.120063,0.0244647
133,0.111592,0.0242457
133.2,0.111177,0.0239039
133.4,0.127828,0.0242079
133.6,0.13321,0.0240609
133.8,0.127951,0.0235976
134,0.119546,0.0235543
134.2,0.0959029,0.0231213
134.4,0.108244,0.0236467
134.6,0.106429,0.0240632
134.8,0.0989606,0.0246198
135,0.100885,0.0251218
135.2,0.102163,0.0257859
135.4,0.127578,0.0263194
135.6,0.130684,0.0263492
135.8,0.103122,0.0260184
136,0.100902,0.0264715
136.2,0.0989928,0.026251
136.4,0.0935152,0.0264775
136.6,0.117248,0.0265614
136.8,0.105198,0.0256204
137,0.102357,0.0260375
137.2,0.113644,0.0266559
137.4,0.116386,0.026177
137.6,0.114887,0.0258307
137.8,0.107104,0.0254939
138,0.0984079,0.0253295
138.2,0.111751,0.0264853
138.4,0.131437,0.0267323
138.6,0.139468,0.0265192
138.8,0.140193,0.0266102
139,0.153641,0.0272759
139.2,0.167756,0.0275776
139.4,0.14779,0.0276317
139.6,0.138281,0.0276185
139.8,0.142464,0.0275195
140,0.136332,0.0274541
140.2,0.146868,0.0278805
140.4,0.133585,0.0275165
140.6,0.127061,0.0271144
140.8,0.114159,0.0270662
141,0.0972939,0.0268216
141.2,0.0746297,0.0268285
141.4,0.0766302,0.0269395
141.6,0.0793479,0.0270799
141.8,0.0927583,0.0273552
142,0.108093,0.0276226
142.2,0.120115,0.0279939
142.4,0.137848,0.0281863
142.6,0.166239,0.0286501
142.8,0.162924,0.0283297
143,0.152803,0.0283679
143.2,0.143842,0.0289405
143.4,0.126489,0.0290066
143.6,0.116227,0.0283413
143.8,0.113963,0.0279659
144,0.0814257,0.0276064
144.2,0.0795638,0.0276776
144.4,0.0821904,0.0268941
144.6,0.0763731,0.0261487
144.8,0.0688767,0.0255066
145,0.0774786,0.0256944
145.2,0.0639658,0.0261426
145.4,0.0711533,0.0269645
145.6,0.0710405,0.0281219
145.8,0.0614053,0.0284223
146,0.0589215,0.0285594
146.2,0.0685812,0.0292959
146.4,0.0725634,0.0295961
146.6,0.0659374,0.0294036
146.8,0.0588994,0.028709
147,0.0604754,0.0280668
147.2,0.0780789,0.0281224
147.4,0.0759689,0.028083
147.6,0.062377,0.0274371
147.8,0.056196,0.0268073
148,0.0629446,0.026759
148.2,0.069562,0.0267554
148.4,0.079364,0.026372
148.6,0.0699804,0.0268301
148.8,0.0759637,0.0270194
149,0.0868447,0.0274805
149.2,0.0870897,0.0286118
149.4,0.0908521,0.0283269
149.6,0.106438,0.0284782
149.8,0.114689,0.0290554
150,0.10366,0.0289848
150.2,0.0938021,0.0290251
150.4,0.0769723,0.0290168
150.6,0.0765778,0.028869
150.8,0.0876102,0.0293743
151,0.0738838,0.0293879
151.2,0.0515422,0.0293362
151.4,0.0617285,0.0291002
151.6,0.078551,0.0292225
151.8,0.107092,0.0294347
152,0.112012,0.0293949
152.2,0.0994281,0.0295694
152.4,0.0960287,0.0293354
152.6,0.0931725,0.0291334
152.8,0.0951241,0.0291745
153,0.0989775,0.0293261
153.2,0.100912,0.029306
153.4,0.0938201,0.0289999
153.6,0.0842809,0.0286194
153.8,0.086443,0.0287562
154,0.0912807,0.0291526
154.2,0.0815981,0.0286066
154.4,0.0833721,0.0281359
154.6,0.0795104,0.0285004
154.8,0.0827653,0.0287155
155,0.104447,0.0285587
155.2,0.110394,0.0286413
155.4,0.114043,0.0282401
155.6,0.125871,0.0290647
155.8,0.109164,0.0298608
156,0.100963,0.0293881
156.2,0.106111,0.0286966
156.4,0.11115,0.0297693
156.6,0.102049,0.0300676
156.8,0.104085,0.0309285
157,0.103352,0.0314028
157.2,0.104995,0.0317824
157.4,0.108728,0.0322584
157.6,0.106656,0.0322614
157.8,0.0973758,0.0312514
158,0.0981057,0.0312318
158.2,0.0905073,0.0308144
158.4,0.102846,0.0314595
158.6,0.119027,0.0312636
158.8,0.10907,0.03181
159,0.0942674,0.0322745
159.2,0.084966,0.0328276
159.4,0.104241,0.032625
159.6,0.112284,0.0328235
159.8,0.0850142,0.032107
160,0.0570242,0.0323477
160.2,0.0550819,0.031941
160.4,0.0541516,0.0314813
160.6,0.0421024,0.0310625
160.8,0.0108454,0.0314101
161,-0.0047965,0.0308583
161.2,0.00522314,0.030166
161.4,0.0199018,0.0293175
161.6,0.0250446,0.0289405
161.8,0.0459034,0.0294091
162,0.0759554,0.0296041
162.2,0.0883709,0.0294082
162.4,0.100124,0.0288893
162.6,0.101121,0.0292726
162.8,0.0913494,0.0296036
163,0.093051,0.0302983
163.2,0.0751303,0.0316896
163.4,0.0561976,0.0327464
163.6,0.0672498,0.0340497
163.8,0.0685794,0.0346743
164,0.0662667,0.0350794
164.2,0.0639655,0.0350806
164.4,0.0564879,0.034874
164.6,0.0735673,0.0339597
164.8,0.0916487,0.0337028
165,0.0971777,0.0328423
165.2,0.103423,0.03375
165.4,0.0908686,0.0344616
165.6,0.10257,0.0351238
165.8,0.108897,0.0351914
166,0.103013,0.0352764
166.2,0.0922498,0.0355623
166.4,0.0603453,0.0355717
166.6,0.0419394,0.0349991
166.8,0.0455674,0.034831
167,0.035926,0.0345105
167.2,0.0378958,0.0343016
167.4,0.0542626,0.0350398
167.6,0.0470134,0.0350288
167.8,0.0546798,0.0350942
168,0.0558544,0.035487
168.2,0.068034,0.0346484
168.4,0.0714114,0.0345101
168.6,0.0636157,0.0343108
168.8,0.0549234,0.0349064
169,0.0548695,0.0345459
169.2,0.0796498,0.0345118
169.4,0.0911966,0.033609
169.6,0.0749604,0.0332846
169.8,0.0802197,0.0338409
170,0.0840367,0.0351197
170.2,0.0740464,0.0344885
170.4,0.0764319,0.0343695
170.6,0.0754287,0.034772
170.8,0.0804422,0.0358229
171,0.0867838,0.036159
171.2,0.0776193,0.0362554
171.4,0.0838498,0.0359754
171.6,0.0781377,0.03572
171.8,0.0770334,0.0361416
172,0.0559889,0.0357456
172.2,0.0513308,0.0358409
172.4,0.0515656,0.0356518
172.6,0.080708,0.0357828
172.8,0.0829643,0.0357647
173,0.101095,0.0356463
173.2,0.105185,0.0348285
173.4,0.107251,0.034635
173.6,0.130093,0.0351358
173.8,0.132396,0.0354684
174,0.118976,0.0347048
174.2,0.129171,0.0345226
174.4,0.118214,0.0347883
174.6,0.100019,0.0357411
174.8,0.108791,0.0371115
175,0.0738232,0.0365054
175.2,0.0521199,0.0363887
175.4,0.0236945,0.0364161
175.6,0.0038363,0.0368346
175.8,0.00661904,0.0379499
176,0.0456661,0.0392297
176.2,0.0633128,0.0389613
176.4,0.0871798,0.039887
176.6,0.11257,0.041285
176.8,0.16029,0.0423594
177,0.156548,0.0422312
177.2,0.139537,0.0414646
177.4,0.123682,0.0408244
177.6,0.0872465,0.0404945
177.8,0.0667405,0.0395665
178,0.0622976,0.0386796
178.2,0.0298711,0.0379078
178.4,0.0379543,0.0386686
178.6,0.0589672,0.0381461
178.8,0.0594115,0.0368595
179,0.0862946,0.0366048
179.2,0.0901821,0.0359956
179.4,0.10589,0.0387728
179.6,0.116526,0.0421214
179.8,0.126916,0.0452189
179.95,0.129562,0.0517414
2
0.8,0.0187319,0.000301225
1,0.0225616,0.000322965
1.2,0.025996,0.000340134
1.4,0.0295494,0.000354992
1.6,0.0312968,0.000372688
1.8,0.0338957,0.000392815
2,0.0363529,0.000417412
2.2,0.0388293,0.000441455
2.4,0.0421617,0.000468682
2.6,0.0460703,0.000499268
2.8,0.050188,0.000532492
3,0.0550005,0.000565004
3.2,0.0596318,0.000597159
3.4,0.0643778,0.000630184
3.6,0.0694194,0.000662981
3.8,0.0739388,0.000696557
4,0.0788112,0.000730006
4.2,0.0833068,0.000760386
4.4,0.0875467,0.000788072
4.6,0.091728,0.000813757
4.8,0.0958268,0.000836152
5,0.0996674,0.000856108
5.2,0.104153,0.000877249
5.4,0.109064,0.000898907
5.6,0.113398,0.000922251
5.8,0.118437,0.000950048
6,0.124139,0.000979136
6.2,0.130508,0.00101167
6.4,0.137558,0.00104505
6.6,0.143652,0.001076
6.8,0.148604,0.00110665
7,0.154119,0.0011349
7.2,0.15892,0.00116089
7.4,0.163099,0.00118436
7.6,0.167286,0.00120707
7.8,0.170726,0.00122923
8,0.173618,0.00125145
8.2,0.176788,0.00127349
8.4,0.179474,0.00129608
8.6,0.182972,0.00132043
8.8,0.186363,0.00134818
9,0.188907,0.0013719
9.2,0.190513,0.00139565
9.4,0.193318,0.0014236
9.6,0.196204,0.00145343
9.8,0.20058,0.00148619
10,0.203971,0.00151785
10.2,0.20867,0.00155516
10.4,0.214899,0.0015999
10.6,0.224743,0.00165409
10.8,0.235651,0.00171237
11,0.246075,0.00177091
11.2,0.255452,0.00182617
11.4,0.266239,0.00188237
11.6,0.273757,0.00192877
11.8,0.278034,0.00196299
12,0.279116,0.00198695
12.2,0.276884,0.00200281
12.4,0.273733,0.00201327
12.6,0.268136,0.00201985
12.8,0.261465,0.00202878
13,0.255129,0.00203718
13.2,0.252346,0.00205528
13.4,0.248889,0.0020761
13.6,0.247583,0.00209918
13.8,0.248124,0.0021253
14,0.250424,0.00216195
14.2,0.251313,0.00219469
14.4,0.255402,0.00223541
14.6,0.258082,0.00227777
14.8,0.260962,0.00232025
15,0.264441,0.00236464
15.2,0.264653,0.00240439
15.4,0.265364,0.00244134
15.6,0.268225,0.00247756
15.8,0.26788,0.0025152
16,0.269737,0.00255435
16.2,0.272038,0.002596
16.4,0.270672,0.00263255
16.6,0.271194,0.00267324
16.8,0.273805,0.00272031
17,0.275961,0.00277455
17.2,0.276321,0.00282083
17.4,0.276219,0.00286481
17.6,0.276085,0.00291113
17.8,0.27623,0.00295895
18,0.279098,0.00301352
18.2,0.279465,0.00305924
18.4,0.278277,0.00309673
18.6,0.282189,0.00314785
18.8,0.281513,0.0031973
19,0.283095,0.00325712
19.2,0.282811,0.00331125
19.4,0.282485,0.00335987
19.6,0.282759,0.00341382
19.8,0.282052,0.00345661
20,0.279292,0.00349159
20.2,0.280903,0.003525
20.4,0.278966,0.00354133
20.6,0.280099,0.00355541
20.8,0.27847,0.00357208
21,0.276807,0.00358132
21.2,0.277665,0.00360095
21.4,0.279839,0.00361821
21.6,0.278929,0.00363752
21.8,0.280514,0.00365472
22,0.285504,0.00368487
22.2,0.286468,0.0037004
22.4,0.286019,0.00372207
22.6,0.284506,0.00374091
22.8,0.285998,0.00376302
23,0.284631,0.0037776
23.2,0.283644,0.00379416
23.4,0.282549,0.00381054
23.6,0.283169,0.00383398
23.8,0.286272,0.00385038
24,0.289833,0.00387189
24.2,0.289127,0.0038826
24.4,0.294331,0.00390994
24.6,0.295247,0.00392777
24.8,0.296069,0.00393829
25,0.299857,0.00394719
25.2,0.301297,0.00396175
25.4,0.305868,0.0039773
25.6,0.310387,0.00400657
25.8,0.310816,0.00402772
26,0.314386,0.00405942
26.2,0.316084,0.0040968
26.4,0.319715,0.00415207
26.6,0.32358,0.00420284
26.8,0.3232,0.00425453
27,0.325368,0.00430462
27.2,0.328051,0.00436182
27.4,0.33045,0.00441388
27.6,0.330145,0.0044587
27.8,0.330295,0.00449147
28,0.331583,0.00452295
28.2,0.33269,0.00454364
28.4,0.331689,0.00454887
28.6,0.332392,0.00454684
28.8,0.329474,0.00453776
29,0.33103,0.00452233
29.2,0.333762,0.00451031
29.4,0.327979,0.00449174
29.6,0.323259,0.00447023
29.8,0.32023,0.00446036
30,0.316485,0.00444439
30.2,0.318677,0.00443421
30.4,0.314835,0.00442812
30.6,0.308134,0.00441975
30.8,0.312598,0.00441394
31,0.317992,0.00442762
31.2,0.318192,0.00442028
31.4,0.320142,0.00441508
31.6,0.319306,0.00440759
31.8,0.319081,0.00440666
32,0.320613,0.00439937
32.2,0.315473,0.00440003
32.4,0.309806,0.00438473
32.6,0.308212,0.00439501
32.8,0.306702,0.0044171
33,0.304273,0.00443577
33.2,0.304741,0.00445393
33.4,0.303599,0.00447733
33.6,0.30575,0.00450739
33.8,0.308173,0.00453459
34,0.309573,0.0045671
34.2,0.307715,0.0045803
34.4,0.305962,0.00460883
34.6,0.305927,0.00463471
34.8,0.306425,0.0046693
35,0.303666,0.00467235
35.2,0.301206,0.00470142
35.4,0.297563,0.00470065
35.6,0.294488,0.00471988
35.8,0.289443,0.00473393
36,0.285489,0.00474424
36.2,0.279991,0.00474633
36.4,0.280458,0.00477997
36.6,0.27784,0.00478002
36.8,0.273556,0.00479368
37,0.272064,0.00479944
37.2,0.27263,0.00479409
37.4,0.270774,0.00480192
37.6,0.271396,0.00480706
37.8,0.26955,0.00479042
38,0.267558,0.00479009
38.2,0.267857,0.0047964
38.4,0.264939,0.00478098
38.6,0.266782,0.00478161
38.8,0.268218,0.00476363
39,0.269614,0.00475502
39.2,0.264837,0.00473902
39.4,0.263273,0.00473302
39.6,0.263843,0.00471959
39.8,0.26643,0.00472614
40,0.262567,0.00471681
40.2,0.259005,0.0047076
40.4,0.252681,0.00468799
40.6,0.254183,0.00469366
40.8,0.250263,0.00466805
41,0.247119,0.00464403
41.2,0.242572,0.00460915
41.4,0.238081,0.00459128
41.6,0.233819,0.00458942
41.8,0.22847,0.00456735
42,0.226918,0.00456818
42.2,0.224022,0.00456425
42.4,0.220364,0.0045592
42.6,0.218805,0.00456608
42.8,0.21873,0.00456203
43,0.220173,0.00456583
43.2,0.21994,0.00457481
43.4,0.216455,0.00455629
43.6,0.216064,0.00456863
43.8,0.216748,0.00458746
44,0.213882,0.00458924
44.2,0.211405,0.00460723
44.4,0.2117,0.00461801
44.6,0.212219,0.00462867
44.8,0.210551,0.00463086
45,0.212632,0.00463734
45.2,0.212433,0.00464962
45.4,0.218392,0.00469738
45.6,0.221122,0.00471434
45.8,0.222916,0.00473871
46,0.224542,0.00474734
46.2,0.225519,0.00477875
46.4,0.223785,0.00479213
46.6,0.222093,0.00480054
46.8,0.220865,0.00478515
47,0.221287,0.00479935
47.2,0.219996,0.00480806
47.4,0.219861,0.0048428
47.6,0.219726,0.00485569
47.8,0.225729,0.00490053
48,0.231515,0.00493985
48.2,0.23458,0.00498711
48.4,0.239601,0.00502555
48.6,0.242715,0.00507151
48.8,0.251261,0.00511704
49,0.25826,0.00517401
49.2,0.25824,0.00520474
49.4,0.265362,0.00527437
49.6,0.270413,0.00533219
49.8,0.275504,0.00538699
50,0.280544,0.00541708
50.2,0.281226,0.00546955
50.4,0.282439,0.00550196
50.6,0.293224,0.00557997
50.8,0.296679,0.00561428
51,0.300908,0.00565551
51.2,0.300884,0.0056952
51.4,0.301014,0.00572519
51.6,0.298536,0.00573285
51.8,0.306131,0.00578216
52,0.299024,0.00575689
52.2,0.293108,0.00573996
52.4,0.289252,0.00573507
52.6,0.289233,0.00574507
52.8,0.286092,0.00574794
53,0.287812,0.00575824
53.2,0.283561,0.00576377
53.4,0.283268,0.00579134
53.6,0.279588,0.00579287
53.8,0.277419,0.00580029
54,0.272176,0.00576614
54.2,0.266812,0.00575918
54.4,0.256062,0.00572221
54.6,0.24251,0.0056548
54.8,0.232492,0.00561178
55,0.222837,0.00558491
55.2,0.211287,0.00552615
55.4,0.196787,0.00547547
55.6,0.184736,0.00542951
55.8,0.180277,0.00540697
56,0.174547,0.00537923
56.2,0.166883,0.00533811
56.4,0.163914,0.00532546
56.6,0.158092,0.00531816
56.8,0.158069,0.00532196
57,0.157056,0.00533415
57.2,0.152189,0.00532021
57.4,0.148494,0.00531601
57.6,0.147068,0.00531568
57.8,0.143879,0.00530639
58,0.138198,0.00528505
58.2,0.140081,0.00534367
58.4,0.142792,0.00536483
58.6,0.147302,0.00541083
58.8,0.152365,0.00547397
59,0.160036,0.00554085
59.2,0.16277,0.00558161
59.4,0.169215,0.00562862
59.6,0.168729,0.00561747
59.8,0.171093,0.00566015
60,0.171483,0.00568514
60.2,0.173377,0.00569245
60.4,0.174283,0.0057188
60.6,0.176169,0.00574453
60.8,0.182874,0.00577762
61,0.18973,0.00587346
61.2,0.193195,0.00589079
61.4,0.196412,0.00593781
61.6,0.201281,0.00602244
61.8,0.198577,0.00602307
62,0.200303,0.00604658
62.2,0.200844,0.00611949
62.4,0.204612,0.00612267
62.6,0.207794,0.00619577
62.8,0.212708,0.00624817
63,0.212303,0.00624627
63.2,0.21784,0.00631015
63.4,0.224951,0.00637981
63.6,0.229994,0.00639323
63.8,0.232289,0.0064448
64,0.235394,0.00647176
64.2,0.232989,0.00647487
64.4,0.237074,0.00653364
64.6,0.24294,0.0065958
64.8,0.242954,0.00664677
65,0.242304,0.00668907
65.2,0.243606,0.00670515
65.4,0.243827,0.00674669
65.6,0.254616,0.00682337
65.8,0.261339,0.00690517
66,0.260431,0.00695311
66.2,0.26438,0.0069786
66.4,0.265892,0.00701302
66.6,0.267881,0.00706956
66.8,0.271196,0.00708176
67,0.271985,0.00713599
67.2,0.267397,0.00713024
67.4,0.262854,0.00712436
67.6,0.257876,0.00712667
67.8,0.257366,0.00715046
68,0.251611,0.00714277
68.2,0.251269,0.00720056
68.4,0.248841,0.00720539
68.6,0.248118,0.0071744
68.8,0.254987,0.00723132
69,0.255315,0.00723773
69.2,0.255888,0.00725489
69.4,0.256705,0.00728675
69.6,0.258279,0.00731591
69.8,0.260525,0.0073293
70,0.260258,0.00737601
70.2,0.26088,0.00736629
70.4,0.265591,0.00743129
70.6,0.268043,0.00751401
70.8,0.2664,0.00750412
71,0.263483,0.007495
71.2,0.25637,0.00748669
71.4,0.254108,0.00749237
71.6,0.24333,0.00749233
71.8,0.238354,0.00747199
72,0.230702,0.00743136
72.2,0.227273,0.00743172
72.4,0.216745,0.00736182
72.6,0.212355,0.00735031
72.8,0.207577,0.00732453
73,0.207083,0.00733574
73.2,0.204696,0.00737209
73.4,0.203305,0.0073435
73.6,0.206653,0.00735906
73.8,0.21077,0.00740441
74,0.209237,0.0074333
74.2,0.207612,0.00747964
74.4,0.209827,0.00754094
74.6,0.205766,0.00751684
74.8,0.205103,0.00757971
75,0.200456,0.00762707
75.2,0.202234,0.00767985
75.4,0.204507,0.00772898
75.6,0.208581,0.00775787
75.8,0.210404,0.00774519
76,0.219511,0.00781294
76.2,0.226661,0.00781994
76.4,0.229458,0.00782409
76.6,0.231556,0.00784678
76.8,0.232027,0.00785273
77,0.230517,0.00788607
77.2,0.232272,0.00793892
77.4,0.23123,0.00792975
77.6,0.229171,0.0079553
77.8,0.229711,0.00801017
78,0.226133,0.00803777
78.2,0.223801,0.00804607
78.4,0.22265,0.00801288
78.6,0.218847,0.00799269
78.8,0.215312,0.00810272
79,0.205439,0.00811666
79.2,0.194744,0.00807075
79.4,0.190953,0.00805854
79.6,0.19253,0.00805704
79.8,0.191111,0.00811647
80,0.182724,0.00809359
80.2,0.171731,0.00794777
80.4,0.173447,0.00790108
80.6,0.177038,0.00789757
80.8,0.168907,0.00786338
81,0.161303,0.00785882
81.2,0.157508,0.00781839
81.4,0.160103,0.00779805
81.6,0.16118,0.00780779
81.8,0.154652,0.00780132
82,0.150778,0.00781515
82.2,0.157118,0.00779515
82.4,0.156943,0.00778865
82.6,0.157378,0.00785791
82.8,0.158016,0.00791153
83,0.155398,0.00789459
83.2,0.156444,0.00792432
83.4,0.159397,0.00801249
83.6,0.156646,0.00806908
83.8,0.153794,0.00808592
84,0.152753,0.0080662
84.2,0.150667,0.00808846
84.4,0.149341,0.00817845
84.6,0.144329,0.00821842
84.8,0.137113,0.00812981
85,0.133861,0.00819409
85.2,0.13407,0.00826137
85.4,0.126605,0.00826126
85.6,0.121219,0.00828676
85.8,0.123452,0.00834816
86,0.125203,0.00836936
86.2,0.128435,0.00847214
86.4,0.12886,0.00843615
86.6,0.132949,0.00849027
86.8,0.142538,0.00856304
87,0.141768,0.00859078
87.2,0.140751,0.008633
87.4,0.14041,0.00863274
87.6,0.138922,0.00867035
87.8,0.132766,0.00875214
88,0.120712,0.0087128
88.2,0.111823,0.00873118
88.4,0.11646,0.00880031
88.6,0.117699,0.00883714
88.8,0.122591,0.00886537
89,0.123374,0.00883929
89.2,0.124444,0.00878056
89.4,0.125031,0.00878347
89.6,0.131431,0.00876002
89.8,0.128398,0.00872898
90,0.125919,0.00865607
90.2,0.123662,0.00865107
90.4,0.125412,0.00872349
90.6,0.130943,0.00881471
90.8,0.137251,0.0088507
91,0.13104,0.0089229
91.2,0.132935,0.00894616
91.4,0.131694,0.00897151
91.6,0.125351,0.0089839
91.8,0.122147,0.00896332
92,0.126425,0.00898702
92.2,0.128835,0.00905936
92.4,0.132382,0.00907515
92.6,0.138476,0.00917037
92.8,0.142948,0.00922355
93,0.151924,0.00923754
93.2,0.157029,0.00927348
93.4,0.150836,0.00930036
93.6,0.144057,0.00928452
93.8,0.140916,0.00926387
94,0.130484,0.00918345
94.2,0.127703,0.00917047
94.4,0.128564,0.00937211
94.6,0.126426,0.00941006
94.8,0.126939,0.00946811
95,0.132139,0.00949842
95.2,0.133868,0.00955788
95.4,0.13359,0.00962299
95.6,0.130845,0.00967963
95.8,0.123817,0.00962688
96,0.12551,0.00968343
96.2,0.127298,0.00970206
96.4,0.126987,0.00980442
96.6,0.128738,0.00983841
96.8,0.135264,0.00992308
97,0.145457,0.00995386
97.2,0.143472,0.009846
97.4,0.141783,0.00987333
97.6,0.136212,0.00991314
97.8,0.132701,0.0098734
98,0.135438,0.00992179
98.2,0.128592,0.00988117
98.4,0.118207,0.00991884
98.6,0.124528,0.0100897
98.8,0.120968,0.0101159
99,0.124255,0.0101528
99.2,0.12725,0.0102415
99.4,0.125981,0.0103333
99.6,0.128242,0.0103583
99.8,0.128013,0.0103464
100,0.126834,0.0103569
100.2,0.132159,0.0104125
100.4,0.137154,0.0104787
100.6,0.135734,0.0105231
100.8,0.127299,0.0104549
101,0.128742,0.0105738
101.2,0.130831,0.0105789
101.4,0.134919,0.010658
101.6,0.131039,0.0106697
101.8,0.129795,0.0107746
102,0.134659,0.0108196
102.2,0.130463,0.0108092
102.4,0.12513,0.0107215
102.6,0.126812,0.0108104
102.8,0.131528,0.0108622
103,0.132339,0.0108941
103.2,0.121202,0.0107133
103.4,0.120983,0.0107341
103.6,0.136133,0.0107994
103.8,0.146616,0.0109606
104,0.149532,0.0109941
104.2,0.140253,0.0109028
104.4,0.137213,0.0109602
104.6,0.148932,0.0112034
104.8,0.154036,0.0112958
105,0.151673,0.0115071
105.2,0.144974,0.0114593
105.4,0.143424,0.0115713
105.6,0.137016,0.0116724
105.8,0.143582,0.0117702
106,0.140866,0.011793
106.2,0.13785,0.0117683
106.4,0.140944,0.0117626
106.6,0.14588,0.0119503
106.8,0.149003,0.0120507
107,0.16012,0.0122222
107.2,0.16342,0.0122876
107.4,0.169241,0.0124486
107.6,0.165484,0.0124755
107.8,0.167116,0.0124635
108,0.169366,0.0124671
108.2,0.178455,0.0124516
108.4,0.185573,0.0123813
108.6,0.193449,0.0124172
108.8,0.19955,0.012412
109,0.203644,0.0124703
109.2,0.207775,0.0126161
109.4,0.212049,0.012662
109.6,0.210327,0.0128463
109.8,0.211111,0.0131011
110,0.210837,0.0132494
110.2,0.209315,0.0132995
110.4,0.210373,0.0134652
110.6,0.207931,0.0135177
110.8,0.20645,0.0136034
111,0.206219,0.0135436
111.2,0.206056,0.0135011
111.4,0.19752,0.0133965
111.6,0.194884,0.0133969
111.8,0.1934,0.013474
112,0.188411,0.0135215
112.2,0.191319,0.0136429
112.4,0.19345,0.0137306
112.6,0.193641,0.0137712
112.8,0.200428,0.0139823
113,0.204387,0.0141818
113.2,0.205974,0.014167
113.4,0.205229,0.0141129
113.6,0.198246,0.0140258
113.8,0.195469,0.0139608
114,0.192298,0.0139518
114.2,0.179636,0.0138383
114.4,0.178025,0.013755
114.6,0.183957,0.0138152
114.8,0.19031,0.0139884
115,0.1938,0.0140348
115.2,0.191836,0.0141605
115.4,0.18824,0.0141323
115.6,0.195221,0.0142964
115.8,0.186906,0.0142602
116,0.184802,0.0142897
116.2,0.179462,0.0143339
116.4,0.177368,0.0144189
116.6,0.174403,0.0144319
116.8,0.17365,0.0145749
117,0.179926,0.0146361
117.2,0.185745,0.0147971
117.4,0.183806,0.0148364
117.6,0.191467,0.0148919
117.8,0.191834,0.0150302
118,0.198994,0.0152543
118.2,0.203022,0.0154174
118.4,0.204322,0.0154297
118.6,0.204703,0.0154801
118.8,0.203124,0.015598
119,0.2031,0.0157289
119.2,0.212552,0.0157485
119.4,0.224715,0.0157967
119.6,0.228171,0.0159085
119.8,0.225814,0.0160268
120,0.229204,0.0160397
120.2,0.231066,0.0159742
120.4,0.221704,0.0159981
120.6,0.21635,0.0160945
120.8,0.197044,0.0159542
121,0.209229,0.0160298
121.2,0.221527,0.0161338
121.4,0.214809,0.0161895
121.6,0.225776,0.0164929
121.8,0.233077,0.0164994
122,0.230626,0.0164199
122.2,0.241122,0.0165327
122.4,0.229283,0.0163311
122.6,0.218505,0.0162929
122.8,0.228809,0.0164685
123,0.222085,0.0163428
123.2,0.225934,0.0163685
123.4,0.229222,0.016609
123.6,0.217089,0.0166608
123.8,0.22197,0.0168098
124,0.216361,0.016859
124.2,0.206449,0.0166379
124.4,0.209548,0.0166808
124.6,0.214019,0.0168404
124.8,0.222973,0.0168828
125,0.232055,0.0171651
125.2,0.213568,0.0172037
125.4,0.212626,0.0172632
125.6,0.224554,0.0175492
125.8,0.215675,0.0175357
126,0.200537,0.0175203
126.2,0.1942,0.017471
126.4,0.184796,0.0171642
126.6,0.197255,0.0171973
126.8,0.200255,0.0173569
127,0.193858,0.0172569
127.2,0.198596,0.0173149
127.4,0.209309,0.0172259
127.6,0.199718,0.0171971
127.8,0.196526,0.0173234
128,0.188037,0.0172569
128.2,0.183233,0.0170684
128.4,0.182155,0.0170942
128.6,0.167165,0.0172548
128.8,0.155603,0.0174113
129,0.152745,0.0174965
129.2,0.155965,0.0175713
129.4,0.157236,0.0175613
129.6,0.163641,0.0176079
129.8,0.146177,0.0175893
130,0.157682,0.0175429
130.2,0.152132,0.0174679
130.4,0.14816,0.0172353
130.6,0.136399,0.0170459
130.8,0.126521,0.0170561
131,0.107182,0.0168334
131.2,0.124672,0.0170133
131.4,0.124253,0.0168742
131.6,0.131373,0.0167621
131.8,0.136763,0.0169859
132,0.14526,0.0170038
132.2,0.150107,0.0171388
132.4,0.158142,0.0174448
132.6,0.141276,0.0174015
132.8,0.137822,0.0174885
133,0.140505,0.017589
133.2,0.145286,0.0175318
133.4,0.154262,0.0175655
133.6,0.156924,0.0174665
133.8,0.156938,0.0173094
134,0.160847,0.0172582
134.2,0.154425,0.0172814
134.4,0.157238,0.0172998
134.6,0.144615,0.0172946
134.8,0.135904,0.0176165
135,0.136257,0.0177403
135.2,0.131523,0.017783
135.4,0.141096,0.0178998
135.6,0.143956,0.0177131
135.8,0.131069,0.017672
136,0.13297,0.0179912
136.2,0.13749,0.018112
136.4,0.142723,0.0184025
136.6,0.154597,0.0184307
136.8,0.150181,0.0181109
137,0.1527,0.0185468
137.2,0.154593,0.0189256
137.4,0.162325,0.0187885
137.6,0.162284,0.018502
137.8,0.155838,0.0182832
138,0.157512,0.018464
138.2,0.162069,0.0188066
138.4,0.162237,0.0187607
138.6,0.167543,0.0186165
138.8,0.164685,0.0187785
139,0.166194,0.0188156
139.2,0.168725,0.0189298
139.4,0.16081,0.0189228
139.6,0.162092,0.0192126
139.8,0.167663,0.0191557
140,0.163909,0.0190052
140.2,0.170459,0.0191103
140.4,0.1746,0.0193089
140.6,0.173235,0.0192264
140.8,0.162739,0.0192563
141,0.147516,0.0191423
141.2,0.136261,0.0192214
141.4,0.130947,0.0195615
141.6,0.12505,0.0196402
141.8,0.118907,0.0195675
142,0.132255,0.0199087
142.2,0.142991,0.0201796
142.4,0.156153,0.0200561
142.6,0.174054,0.0203512
142.8,0.183045,0.0203415
143,0.176088,0.0202924
143.2,0.167403,0.0206438
143.4,0.145861,0.0204688
143.6,0.144464,0.0203745
143.8,0.144773,0.0203386
144,0.122641,0.0200087
144.2,0.124608,0.0199081
144.4,0.136449,0.0197328
144.6,0.133594,0.0195014
144.8,0.123996,0.0192019
145,0.12102,0.019058
145.2,0.100804,0.0191107
145.4,0.100735,0.0192742
145.6,0.0948337,0.0193977
145.8,0.0764682,0.019314
146,0.0764268,0.0193667
146.2,0.0915584,0.0197906
146.4,0.0895035,0.0198434
146.6,0.100391,0.0199893
146.8,0.10381,0.0200132
147,0.107659,0.0200307
147.2,0.123284,0.0201719
147.4,0.126385,0.0201662
147.6,0.11898,0.0197939
147.8,0.119113,0.0197473
148,0.122381,0.0199453
148.2,0.128561,0.0198567
148.4,0.128003,0.0197778
148.6,0.128467,0.0202336
148.8,0.126892,0.0202905
149,0.133927,0.0206745
149.2,0.139882,0.0207883
149.4,0.135203,0.0203723
149.6,0.130556,0.020342
149.8,0.134218,0.0206224
150,0.127845,0.0205811
150.2,0.133615,0.0208138
150.4,0.127325,0.0208432
150.6,0.12808,0.0210701
150.8,0.128215,0.0214385
151,0.128462,0.0215947
151.2,0.117637,0.0215063
151.4,0.12158,0.0212767
151.6,0.120564,0.0210589
151.8,0.136472,0.0210489
152,0.146188,0.0210333
152.2,0.151857,0.0212024
152.4,0.149645,0.0213432
152.6,0.137629,0.0215313
152.8,0.125353,0.0217454
153,0.126796,0.0216095
153.2,0.116343,0.021536
153.4,0.0952683,0.0214146
153.6,0.0860098,0.0213522
153.8,0.0901321,0.0215772
154,0.106161,0.0215021
154.2,0.103474,0.0209556
154.4,0.108731,0.0212634
154.6,0.113626,0.0214205
154.8,0.124497,0.0216505
155,0.134191,0.0218691
155.2,0.134719,0.0216778
155.4,0.140286,0.0214736
155.6,0.16014,0.0218665
155.8,0.148329,0.0220821
156,0.14294,0.022158
156.2,0.142336,0.0218523
156.4,0.143655,0.0216918
156.6,0.134516,0.0214816
156.8,0.127517,0.0215359
157,0.12395,0.0217133
157.2,0.119918,0.0217651
157.4,0.115579,0.0217313
157.6,0.110272,0.0218952
157.8,0.098219,0.0216339
158,0.102683,0.0218602
158.2,0.10304,0.0222523
158.4,0.108337,0.0224741
158.6,0.11896,0.0223573
158.8,0.111885,0.0226279
159,0.0944845,0.0229383
159.2,0.0833974,0.0231461
159.4,0.0853421,0.0233769
159.6,0.0911456,0.0235376
159.8,0.0865444,0.0235736
160,0.0808025,0.0237963
160.2,0.093562,0.023841
160.4,0.111887,0.0234456
160.6,0.124304,0.023464
160.8,0.120077,0.0234316
161,0.118724,0.0232642
161.2,0.121259,0.0230034
161.4,0.127667,0.0229798
161.6,0.11929,0.0231006
161.8,0.120739,0.0236522
162,0.129809,0.0238718
162.2,0.130993,0.0242951
162.4,0.131424,0.0241825
162.6,0.123779,0.02421
162.8,0.119214,0.0241793
163,0.119396,0.0239934
163.2,0.106031,0.0242061
163.4,0.0958396,0.024432
163.6,0.102497,0.0242579
163.8,0.0969974,0.0241862
164,0.0980451,0.0243519
164.2,0.0923621,0.024403
164.4,0.0870552,0.0243257
164.6,0.108626,0.0240066
164.8,0.115725,0.0235403
165,0.122923,0.0234924
165.2,0.130835,0.0241116
165.4,0.126465,0.0247064
165.6,0.135275,0.0249097
165.8,0.148877,0.0252594
166,0.1422,0.0254141
166.2,0.149493,0.0257033
166.4,0.122841,0.0253453
166.6,0.104614,0.0247309
166.8,0.103039,0.0241707
167,0.0965493,0.0237534
167.2,0.0979699,0.0232322
167.4,0.112131,0.0232414
167.6,0.101429,0.0232993
167.8,0.109388,0.0234615
168,0.109354,0.023745
168.2,0.109807,0.0236994
168.4,0.113068,0.024056
168.6,0.102199,0.0243413
168.8,0.0728707,0.0246786
169,0.0746944,0.0249387
169.2,0.0964322,0.0253913
169.4,0.111013,0.0252034
169.6,0.10323,0.025076
169.8,0.0988535,0.0251103
170,0.119356,0.0258605
170.2,0.142527,0.0260115
170.4,0.14297,0.0260355
170.6,0.136724,0.0260406
170.8,0.139809,0.0264525
171,0.151048,0.0265129
171.2,0.153615,0.0265071
171.4,0.135048,0.0257099
171.6,0.112645,0.0252048
171.8,0.108873,0.0252859
172,0.0916452,0.0252651
172.2,0.0810166,0.0255393
172.4,0.070345,0.0257394
172.6,0.0766835,0.0255612
172.8,0.0832472,0.025721
173,0.099008,0.0256623
173.2,0.0955522,0.0252155
173.4,0.101146,0.0247903
173.6,0.109634,0.0243994
173.8,0.10254,0.0243084
174,0.0933251,0.024285
174.2,0.0895574,0.0243892
174.4,0.0871645,0.0244436
174.6,0.0883456,0.0247033
174.8,0.093108,0.0249396
175,0.0805089,0.0252426
175.2,0.0964851,0.0256342
175.4,0.0764317,0.0259264
175.6,0.0651323,0.0263066
175.8,0.0587668,0.0270323
176,0.0742536,0.0274923
176.2,0.0848393,0.0276438
176.4,0.100439,0.0277955
176.6,0.105008,0.0277998
176.8,0.133432,0.0280231
177,0.134877,0.0279614
177.2,0.134176,0.0277352
177.4,0.13237,0.0278888
177.6,0.112225,0.0279289
177.8,0.0970105,0.0275494
178,0.0816999,0.0273534
178.2,0.0644559,0.0269165
178.4,0.0713929,0.0265886
178.6,0.0781671,0.0260948
178.8,0.0684122,0.0253303
179,0.0732511,0.0253618
179.2,0.0790263,0.0253222
179.4,0.0923206,0.0273312
179.6,0.10511,0.0299802
179.8,0.111621,0.0334299
179.95,0.109416,0.0384156
