# X , Y , E Distribution=true
0
0.8,0.0225389,0.000365613
1,0.0275292,0.000391683
1.2,0.0319582,0.000412686
1.4,0.0360864,0.000431316
1.6,0.0386956,0.000453659
1.8,0.0420549,0.000477525
2,0.045377,0.000506936
2.2,0.0486877,0.000535622
2.4,0.0526728,0.000569819
2.6,0.0569472,0.000606962
2.8,0.0625821,0.000645259
3,0.0683986,0.000682124
3.2,0.0739913,0.000719114
3.4,0.0798143,0.000756004
3.6,0.085648,0.000793581
3.8,0.0909279,0.000829749
4,0.0973016,0.000866334
4.2,0.102141,0.000901545
4.4,0.107853,0.000936261
4.6,0.11334,0.000968632
4.8,0.118292,0.000999944
5,0.123513,0.00103268
5.2,0.128714,0.00106479
5.4,0.134435,0.00109862
5.6,0.141092,0.00113394
5.8,0.147654,0.00117452
6,0.154641,0.00121613
6.2,0.1625,0.00125766
6.4,0.169638,0.00129673
6.6,0.177161,0.00133799
6.8,0.184073,0.00137699
7,0.19055,0.00141405
7.2,0.197162,0.00144643
7.4,0.202917,0.00147647
7.6,0.208409,0.00150755
7.8,0.213309,0.00153677
8,0.217864,0.00156566
8.2,0.221916,0.00159565
8.4,0.225787,0.00162757
8.6,0.229141,0.00165711
8.8,0.23107,0.00168779
9,0.232997,0.00172044
9.2,0.235839,0.00175273
9.4,0.237777,0.00178465
9.6,0.24194,0.00182496
9.8,0.245778,0.001862
10,0.249868,0.00190144
10.2,0.255342,0.00194409
10.4,0.261798,0.0019916
10.6,0.270355,0.00204621
10.8,0.282132,0.00211068
11,0.292408,0.0021718
11.2,0.303809,0.00223626
11.4,0.313688,0.00229768
11.6,0.322236,0.00235081
11.8,0.32787,0.00239311
12,0.329511,0.00242662
12.2,0.326865,0.00244599
12.4,0.323469,0.00246188
12.6,0.318146,0.00247325
12.8,0.311318,0.00248245
13,0.307391,0.00249978
13.2,0.303569,0.00252583
13.4,0.300222,0.00255095
13.6,0.299601,0.00258392
13.8,0.299193,0.00261694
14,0.300111,0.00265738
14.2,0.300777,0.00269934
14.4,0.300412,0.00274137
14.6,0.303162,0.00277929
14.8,0.307349,0.00282586
15,0.309612,0.00287338
15.2,0.310981,0.00291959
15.4,0.31134,0.00295749
15.6,0.316062,0.00300582
15.8,0.318659,0.00304918
16,0.317943,0.00308853
16.2,0.318723,0.00313586
16.4,0.31781,0.00317795
16.6,0.317377,0.00321976
16.8,0.318588,0.00327507
17,0.317291,0.00332362
17.2,0.319873,0.00338399
17.4,0.323238,0.00345405
17.6,0.321469,0.00351166
17.8,0.324031,0.00358097
18,0.325525,0.00365128
18.2,0.32784,0.00371655
18.4,0.330953,0.00379442
18.6,0.327259,0.00386659
18.8,0.326991,0.00393798
19,0.329855,0.00402775
19.2,0.330767,0.00411179
19.4,0.329923,0.00418015
19.6,0.329403,0.00425725
19.8,0.326841,0.00431321
20,0.32995,0.00436367
20.2,0.327099,0.00440109
20.4,0.326698,0.00442929
20.6,0.324942,0.00444393
20.8,0.327863,0.0044748
21,0.325348,0.00449572
21.2,0.324876,0.00452444
21.4,0.325477,0.00455223
21.6,0.327154,0.00458735
21.8,0.323948,0.00461436
22,0.328419,0.00465832
22.2,0.32596,0.00468429
22.4,0.329636,0.00471739
22.6,0.329328,0.00474013
22.8,0.328248,0.00476394
23,0.327386,0.00478569
23.2,0.331076,0.00480765
23.4,0.329437,0.00483038
23.6,0.333658,0.00486836
23.8,0.336169,0.00489541
24,0.339699,0.00492541
24.2,0.341685,0.00495863
24.4,0.347481,0.00498553
24.6,0.350429,0.00501312
24.8,0.349815,0.00502352
25,0.350955,0.00503683
25.2,0.34741,0.00505529
25.4,0.349287,0.005083
25.6,0.350778,0.00509741
25.8,0.352372,0.00514016
26,0.357045,0.00517965
26.2,0.361346,0.00523232
26.4,0.362553,0.00529323
26.6,0.370393,0.00535842
26.8,0.374511,0.00542679
27,0.377445,0.00550365
27.2,0.377282,0.00555956
27.4,0.37804,0.00562974
27.6,0.380942,0.00569543
27.8,0.382574,0.00574041
28,0.380814,0.00575784
28.2,0.381993,0.00579351
28.4,0.378918,0.0058139
28.6,0.381215,0.00583104
28.8,0.381719,0.00583509
29,0.384642,0.00582496
29.2,0.385172,0.00580678
29.4,0.391029,0.00580703
29.6,0.389671,0.00578489
29.8,0.392285,0.00576138
30,0.393974,0.00574133
30.2,0.392327,0.00571562
30.4,0.38545,0.00570368
30.6,0.383361,0.0056958
30.8,0.374077,0.00568294
31,0.372348,0.00564429
31.2,0.370449,0.00563762
31.4,0.366535,0.0056274
31.6,0.368787,0.00563027
31.8,0.369714,0.00562629
32,0.370129,0.00563031
32.2,0.369909,0.00564176
32.4,0.37057,0.0056691
32.6,0.370025,0.00567736
32.8,0.36958,0.00570827
33,0.361807,0.00570538
33.2,0.359961,0.00571668
33.4,0.356181,0.00572574
33.6,0.357072,0.00573865
33.8,0.356375,0.00575633
34,0.355027,0.00577936
34.2,0.357435,0.00580102
34.4,0.354475,0.00582701
34.6,0.352969,0.00585891
34.8,0.351241,0.00588728
35,0.34785,0.00591828
35.2,0.344669,0.00595874
35.4,0.341011,0.00598314
35.6,0.332134,0.00600362
35.8,0.332201,0.00604014
36,0.331342,0.00605698
36.2,0.332487,0.00609158
36.4,0.333132,0.00610449
36.6,0.332843,0.00612025
36.8,0.334187,0.00614629
37,0.336828,0.0061648
37.2,0.339507,0.00620654
37.4,0.336847,0.00622275
37.6,0.337716,0.00624167
37.8,0.3361,0.006265
38,0.33169,0.00626421
38.2,0.33065,0.00625244
38.4,0.328544,0.0062353
38.6,0.324801,0.0061945
38.8,0.329003,0.00619865
39,0.328088,0.00618762
39.2,0.323799,0.00616153
39.4,0.326916,0.00617421
39.6,0.326488,0.00616732
39.8,0.326167,0.00616927
40,0.325738,0.00617809
40.2,0.318536,0.006152
40.4,0.312673,0.00614726
40.6,0.311107,0.0061373
40.8,0.309484,0.0061303
41,0.304743,0.00613244
41.2,0.30052,0.00612985
41.4,0.295175,0.00611031
41.6,0.294832,0.00612933
41.8,0.296935,0.00612251
42,0.291473,0.00612198
42.2,0.28022,0.00608051
42.4,0.27317,0.00605773
42.6,0.267883,0.00602677
42.8,0.266172,0.00604849
43,0.260135,0.00605083
43.2,0.25271,0.00603529
43.4,0.252749,0.00604644
43.6,0.255281,0.00607789
43.8,0.258071,0.00612039
44,0.261209,0.00616987
44.2,0.258481,0.00616961
44.4,0.256461,0.00615091
44.6,0.254565,0.00617238
44.8,0.257634,0.00620732
45,0.257085,0.00620564
45.2,0.257099,0.00622225
45.4,0.257344,0.0062465
45.6,0.261927,0.00627839
45.8,0.264227,0.00631198
46,0.267142,0.00633745
46.2,0.263921,0.00635164
46.4,0.26766,0.00640884
46.6,0.272656,0.00645037
46.8,0.271432,0.00647272
47,0.272268,0.00650336
47.2,0.275628,0.00653863
47.4,0.272035,0.00656156
47.6,0.275918,0.00657193
47.8,0.274952,0.00658836
48,0.273547,0.00660568
48.2,0.275952,0.00663558
48.4,0.277089,0.00668117
48.6,0.276466,0.0066997
48.8,0.288031,0.00676578
49,0.289214,0.00682529
49.2,0.292948,0.00688397
49.4,0.29541,0.00692595
49.6,0.304648,0.00701
49.8,0.304685,0.00703537
50,0.312013,0.007118
50.2,0.318473,0.00719169
50.4,0.323883,0.00727172
50.6,0.329938,0.00733984
50.8,0.331837,0.007395
51,0.329601,0.00741506
51.2,0.336275,0.00747917
51.4,0.34188,0.00754511
51.6,0.337083,0.00758023
51.8,0.339415,0.00759514
52,0.340391,0.00761499
52.2,0.343779,0.00764378
52.4,0.343196,0.00768535
52.6,0.338725,0.00769538
52.8,0.329015,0.00769383
53,0.321666,0.007669
53.2,0.321687,0.00770573
53.4,0.317641,0.00773991
53.6,0.316609,0.00774205
53.8,0.31141,0.00772108
54,0.311068,0.00775413
54.2,0.302254,0.00771741
54.4,0.29791,0.00773321
54.6,0.282478,0.00765707
54.8,0.265692,0.00752783
55,0.247248,0.00746955
55.2,0.239832,0.00744535
55.4,0.228241,0.00735706
55.6,0.224982,0.00731187
55.8,0.219614,0.00727347
56,0.215461,0.00725495
56.2,0.208602,0.00726975
56.4,0.207782,0.00729715
56.6,0.200675,0.00728929
56.8,0.196619,0.00727463
57,0.192661,0.00725375
57.2,0.18659,0.00724121
57.4,0.184086,0.00727258
57.6,0.189112,0.00732535
57.8,0.191452,0.0073219
58,0.192527,0.00730857
58.2,0.191839,0.00733374
58.4,0.193254,0.00740309
58.6,0.194234,0.00743555
58.8,0.192913,0.00746338
59,0.18988,0.0074513
59.2,0.189658,0.00753341
59.4,0.184868,0.0075463
59.6,0.188026,0.0076037
59.8,0.185929,0.00763391
60,0.1903,0.00768475
60.2,0.196382,0.00772641
60.4,0.192221,0.00776132
60.6,0.193258,0.00774348
60.8,0.201507,0.00784768
61,0.204032,0.00791746
61.2,0.211628,0.0079721
61.4,0.217768,0.00803228
61.6,0.218455,0.00811507
61.8,0.229898,0.00816895
62,0.238043,0.00825754
62.2,0.242493,0.00829353
62.4,0.239409,0.00824286
62.6,0.241081,0.00830525
62.8,0.240181,0.00830214
63,0.243418,0.00835097
63.2,0.246998,0.00845367
63.4,0.249551,0.00848792
63.6,0.253282,0.0085411
63.8,0.261221,0.00865493
64,0.263095,0.00864773
64.2,0.269448,0.00875123
64.4,0.274674,0.00873446
64.6,0.276492,0.0087546
64.8,0.273845,0.00876311
65,0.273207,0.00874887
65.2,0.280009,0.00880773
65.4,0.28323,0.0088689
65.6,0.275197,0.00884966
65.8,0.270473,0.00888276
66,0.265361,0.00886512
66.2,0.265207,0.0089236
66.4,0.27145,0.0090901
66.6,0.265278,0.00911187
66.8,0.257661,0.00914329
67,0.264475,0.00921324
67.2,0.269201,0.0092762
67.4,0.279492,0.00941254
67.6,0.291376,0.00956217
67.8,0.287445,0.00955018
68,0.286102,0.00958702
68.2,0.293894,0.00968259
68.4,0.296542,0.00974441
68.6,0.29292,0.00979432
68.8,0.283412,0.00973057
69,0.269312,0.00963803
69.2,0.262423,0.0095935
69.4,0.266292,0.00965748
69.6,0.265473,0.00968094
69.8,0.259853,0.00964793
70,0.267112,0.0097318
70.2,0.271909,0.00979554
70.4,0.274534,0.00990972
70.6,0.277951,0.00996982
70.8,0.277862,0.0100331
71,0.273745,0.0100623
71.2,0.270295,0.0100502
71.4,0.26442,0.00996221
71.6,0.260622,0.00988904
71.8,0.259949,0.00981831
72,0.254082,0.00975412
72.2,0.244336,0.00963732
72.4,0.245876,0.00965616
72.6,0.238918,0.00971028
72.8,0.233743,0.00975167
73,0.233893,0.00982401
73.2,0.226308,0.00978222
73.4,0.228117,0.00988296
73.6,0.232663,0.0099777
73.8,0.230564,0.00996142
74,0.232835,0.010015
74.2,0.225261,0.0100294
74.4,0.22281,0.0100717
74.6,0.223794,0.0101343
74.8,0.225704,0.010204
75,0.225256,0.0102534
75.2,0.22774,0.0103286
75.4,0.230813,0.0103121
75.6,0.242546,0.0102945
75.8,0.246255,0.0103934
76,0.247301,0.0104583
76.2,0.251374,0.0104955
76.4,0.255216,0.0105022
76.6,0.256114,0.0105692
76.8,0.259401,0.0106686
77,0.262258,0.0108457
77.2,0.267205,0.0108914
77.4,0.274631,0.0109304
77.6,0.272145,0.0109503
77.8,0.266958,0.0109782
78,0.267926,0.0109568
78.2,0.261358,0.010873
78.4,0.260348,0.0108441
78.6,0.250036,0.0108529
78.8,0.241391,0.0108151
79,0.232782,0.0107502
79.2,0.227379,0.0107679
79.4,0.219258,0.0107359
79.6,0.228424,0.0108833
79.8,0.219256,0.010803
80,0.217889,0.0107161
80.2,0.213518,0.0107538
80.4,0.213738,0.0107738
80.6,0.214168,0.0107021
80.8,0.203093,0.0106709
81,0.195,0.0106767
81.2,0.189488,0.0106843
81.4,0.186689,0.0106941
81.6,0.179727,0.0105734
81.8,0.16856,0.0105693
82,0.161795,0.010615
82.2,0.167548,0.0106232
82.4,0.164284,0.0104813
82.6,0.161184,0.0105341
82.8,0.15251,0.0106254
83,0.155502,0.0107961
83.2,0.164389,0.0108347
83.4,0.170596,0.0108641
83.6,0.16589,0.0108702
83.8,0.162935,0.0109144
84,0.162943,0.010869
84.2,0.1705,0.0109269
84.4,0.172847,0.0109722
84.6,0.1668,0.0110733
84.8,0.154374,0.0111178
85,0.155828,0.011243
85.2,0.154223,0.011285
85.4,0.153539,0.0113806
85.6,0.149864,0.0114031
85.8,0.1468,0.0114505
86,0.150927,0.0113909
86.2,0.153259,0.0113155
86.4,0.150417,0.0111815
86.6,0.148509,0.0112069
86.8,0.155914,0.0113024
87,0.154298,0.0113168
87.2,0.153223,0.0112063
87.4,0.146068,0.0112478
87.6,0.151848,0.0113468
87.8,0.162457,0.0115454
88,0.162075,0.0116782
88.2,0.166573,0.01176
88.4,0.168788,0.0117525
88.6,0.168204,0.0118696
88.8,0.17204,0.0119828
89,0.16572,0.0119708
89.2,0.14962,0.0117929
89.4,0.153949,0.0117319
89.6,0.143645,0.0116118
89.8,0.141915,0.0116645
90,0.141892,0.0116498
90.2,0.135893,0.0114477
90.4,0.145209,0.0116574
90.6,0.155112,0.0119146
90.8,0.150183,0.0119461
91,0.151828,0.0120162
91.2,0.155323,0.0120886
91.4,0.150581,0.0121374
91.6,0.158177,0.0123179
91.8,0.154902,0.012298
92,0.149739,0.0122415
92.2,0.145639,0.0122125
92.4,0.140275,0.0121818
92.6,0.139846,0.0120833
92.8,0.147653,0.0120933
93,0.148795,0.0121631
93.2,0.147163,0.0120504
93.4,0.151976,0.0121287
93.6,0.160483,0.0122442
93.8,0.162372,0.012392
94,0.159082,0.0125732
94.2,0.158953,0.0126936
94.4,0.15375,0.0127438
94.6,0.14761,0.012881
94.8,0.149329,0.0130006
95,0.14332,0.0131269
95.2,0.140729,0.0130562
95.4,0.130973,0.0130694
95.6,0.126318,0.0130699
95.8,0.128655,0.0131107
96,0.132912,0.0132454
96.2,0.134307,0.0132374
96.4,0.145172,0.0132782
96.6,0.154309,0.0134596
96.8,0.170035,0.0134572
97,0.170369,0.0135334
97.2,0.173108,0.0135169
97.4,0.164296,0.0132947
97.6,0.159793,0.0133142
97.8,0.146831,0.0132344
98,0.140143,0.0132817
98.2,0.142991,0.0134324
98.4,0.138844,0.0134742
98.6,0.135386,0.0135715
98.8,0.143033,0.0138428
99,0.141749,0.0137837
99.2,0.151026,0.0138702
99.4,0.158873,0.0139835
99.6,0.155716,0.0139485
99.8,0.166058,0.0139832
100,0.161285,0.0139978
100.2,0.157172,0.0139249
100.4,0.152213,0.0140502
100.6,0.148953,0.0141762
100.8,0.145544,0.0141573
101,0.145015,0.0143003
101.2,0.134826,0.0145048
101.4,0.134061,0.014557
101.6,0.154318,0.0148335
101.8,0.159581,0.0148846
102,0.165081,0.0148747
102.2,0.156383,0.014921
102.4,0.155914,0.0149437
102.6,0.158706,0.0147502
102.8,0.16264,0.0147878
103,0.150139,0.0146378
103.2,0.153384,0.0147403
103.4,0.153119,0.0149182
103.6,0.153219,0.0148917
103.8,0.148685,0.0148307
104,0.158357,0.0151781
104.2,0.16209,0.0152928
104.4,0.163769,0.01547
104.6,0.159843,0.0154555
104.8,0.163688,0.0155963
105,0.174388,0.0157488
105.2,0.175433,0.0158508
105.4,0.164972,0.015797
105.6,0.162797,0.0159292
105.8,0.159511,0.0159841
106,0.172544,0.0162869
106.2,0.157608,0.0161218
106.4,0.169374,0.0162579
106.6,0.170099,0.0162759
106.8,0.18094,0.0162768
107,0.185576,0.0162603
107.2,0.186336,0.0163224
107.4,0.174612,0.0161073
107.6,0.192537,0.0163865
107.8,0.176754,0.016336
108,0.186957,0.0165188
108.2,0.192076,0.0166682
108.4,0.20444,0.0168888
108.6,0.200429,0.0168988
108.8,0.212754,0.0171788
109,0.214238,0.0170921
109.2,0.216476,0.0172071
109.4,0.208701,0.0174155
109.6,0.20064,0.017416
109.8,0.183349,0.0174082
110,0.187981,0.0175774
110.2,0.172643,0.0174476
110.4,0.151684,0.0174383
110.6,0.151027,0.017537
110.8,0.1553,0.0176572
111,0.159529,0.0178628
111.2,0.182242,0.0181148
111.4,0.192422,0.0182045
111.6,0.197428,0.0181917
111.8,0.21678,0.018498
112,0.2193,0.018698
112.2,0.217344,0.0186349
112.4,0.220413,0.0188181
112.6,0.2054,0.0187341
112.8,0.198888,0.0187787
113,0.207573,0.018962
113.2,0.217285,0.0189396
113.4,0.229411,0.0189143
113.6,0.240362,0.0191614
113.8,0.241345,0.0190458
114,0.241678,0.0190974
114.2,0.244105,0.0192479
114.4,0.253515,0.0195948
114.6,0.240017,0.0196205
114.8,0.229059,0.019506
115,0.22124,0.0193688
115.2,0.216874,0.0196044
115.4,0.215101,0.0196068
115.6,0.226835,0.0195238
115.8,0.227116,0.0192958
116,0.229425,0.0195468
116.2,0.236167,0.0198667
116.4,0.226375,0.0197151
116.6,0.227976,0.0197047
116.8,0.239503,0.0200505
117,0.234931,0.0203679
117.2,0.225346,0.0207202
117.4,0.227232,0.0205339
117.6,0.221237,0.0205696
117.8,0.230079,0.0209613
118,0.231952,0.0210932
118.2,0.222032,0.0209122
118.4,0.217311,0.0208585
118.6,0.232006,0.020913
118.8,0.23544,0.0213376
119,0.228514,0.0212562
119.2,0.242194,0.0211371
119.4,0.258063,0.0214452
119.6,0.273449,0.0218749
119.8,0.297567,0.0222096
120,0.280738,0.022085
120.2,0.275831,0.0219922
120.4,0.285794,0.0221267
120.6,0.275129,0.0224146
120.8,0.251809,0.0220674
121,0.237414,0.0218704
121.2,0.215303,0.0216441
121.4,0.207456,0.021981
121.6,0.204432,0.0220513
121.8,0.208098,0.0220493
122,0.200901,0.0217831
122.2,0.203004,0.0216932
122.4,0.201846,0.021565
122.6,0.209884,0.0217352
122.8,0.21872,0.0216807
123,0.228442,0.0221386
123.2,0.227303,0.0225303
123.4,0.238869,0.0230499
123.6,0.262556,0.0236411
123.8,0.270824,0.0238424
124,0.258792,0.0236741
124.2,0.262743,0.0234363
124.4,0.248979,0.0230761
124.6,0.247882,0.02298
124.8,0.236165,0.0226083
125,0.218772,0.0225127
125.2,0.219311,0.0225673
125.4,0.204555,0.0226942
125.6,0.191598,0.0229829
125.8,0.19101,0.0231651
126,0.195332,0.0234833
126.2,0.205447,0.0236852
126.4,0.197819,0.0238127
126.6,0.186902,0.0240377
126.8,0.209523,0.0244995
127,0.225031,0.024686
127.2,0.221707,0.0245941
127.4,0.218342,0.0244441
127.6,0.216915,0.0244045
127.8,0.226049,0.0242185
128,0.238741,0.0241573
128.2,0.224862,0.0236473
128.4,0.208868,0.0235005
128.6,0.223655,0.0236229
128.8,0.217512,0.023212
129,0.215459,0.0232268
129.2,0.219046,0.0234484
129.4,0.201936,0.0231354
129.6,0.20087,0.0231259
129.8,0.204582,0.0229206
130,0.188631,0.0228789
130.2,0.177951,0.0229745
130.4,0.169529,0.0231608
130.6,0.147934,0.0229489
130.8,0.139748,0.0230529
131,0.136503,0.0231144
131.2,0.14014,0.0233544
131.4,0.14253,0.0232681
131.6,0.144542,0.0235059
131.8,0.144351,0.0236224
132,0.145861,0.0235765
132.2,0.164592,0.0238188
132.4,0.184095,0.0240926
132.6,0.171413,0.0241961
132.8,0.166023,0.0241836
133,0.170157,0.0241349
133.2,0.183228,0.0241826
133.4,0.183879,0.0244662
133.6,0.171528,0.0243375
133.8,0.159782,0.0242172
134,0.162764,0.0244579
134.2,0.162686,0.02476
134.4,0.171444,0.0248052
134.6,0.161687,0.0243863
134.8,0.171174,0.023976
135,0.163979,0.0238249
135.2,0.164748,0.0236907
135.4,0.176679,0.0233601
135.6,0.18901,0.0234355
135.8,0.178465,0.0235575
136,0.161005,0.0237649
136.2,0.162012,0.0239459
136.4,0.181733,0.0243589
136.6,0.172182,0.0246116
136.8,0.165673,0.024691
137,0.162986,0.0244638
137.2,0.181308,0.0245357
137.4,0.207736,0.0248574
137.6,0.212418,0.0252388
137.8,0.202396,0.0253231
138,0.204295,0.0255398
138.2,0.211255,0.0260348
138.4,0.210199,0.0258296
138.6,0.185542,0.0254165
138.8,0.170099,0.0256179
139,0.162173,0.0259051
139.2,0.175244,0.0259437
139.4,0.196263,0.0258777
139.6,0.205162,0.0258284
139.8,0.207366,0.0265646
140,0.21965,0.0269738
140.2,0.242361,0.0269313
140.4,0.254534,0.0268924
140.6,0.25597,0.0270486
140.8,0.246595,0.0274234
141,0.237086,0.0273447
141.2,0.230165,0.0268988
141.4,0.234366,0.0273371
141.6,0.227759,0.0278488
141.8,0.218164,0.0279507
142,0.193556,0.0277095
142.2,0.195928,0.0275362
142.4,0.189536,0.0274609
142.6,0.179731,0.0275281
142.8,0.171798,0.0276325
143,0.151758,0.0269881
143.2,0.152458,0.0270118
143.4,0.156308,0.0271099
143.6,0.1397,0.0269801
143.8,0.130342,0.0268804
144,0.13209,0.0271165
144.2,0.132038,0.0268523
144.4,0.140785,0.0268604
144.6,0.125657,0.0270316
144.8,0.134333,0.0273493
145,0.134158,0.0270473
145.2,0.139195,0.027172
145.4,0.143863,0.0270242
145.6,0.142225,0.0274393
145.8,0.149374,0.0276418
146,0.165462,0.0275234
146.2,0.163846,0.027919
146.4,0.16247,0.0283591
146.6,0.160972,0.0289393
146.8,0.179755,0.0297948
147,0.185778,0.0295624
147.2,0.179692,0.0295545
147.4,0.177696,0.0292717
147.6,0.184103,0.028922
147.8,0.210289,0.0295564
148,0.217719,0.0293054
148.2,0.200791,0.028989
148.4,0.196465,0.0288475
148.6,0.197784,0.0290252
148.8,0.179229,0.0288248
149,0.160938,0.0288801
149.2,0.157539,0.0289566
149.4,0.138329,0.0287248
149.6,0.119572,0.0287573
149.8,0.115249,0.0286521
150,0.0939918,0.0278276
150.2,0.0982705,0.0278393
150.4,0.0990038,0.0278075
150.6,0.0867605,0.0271293
150.8,0.0994071,0.0275006
151,0.109277,0.0269276
151.2,0.112873,0.0272885
151.4,0.129613,0.0284472
151.6,0.128473,0.0289348
151.8,0.134911,0.0296014
152,0.137176,0.0303524
152.2,0.127264,0.0299514
152.4,0.144974,0.0303912
152.6,0.17251,0.0303806
152.8,0.186951,0.0304816
153,0.210415,0.0311509
153.2,0.22842,0.0311497
153.4,0.229561,0.0312371
153.6,0.233667,0.0315316
153.8,0.205255,0.0312592
154,0.167302,0.0309985
154.2,0.1598,0.0305689
154.4,0.145396,0.0297567
154.6,0.119199,0.0291936
154.8,0.0988436,0.0285555
155,0.0996218,0.029621
155.2,0.114356,0.0304878
155.4,0.1134,0.0310405
155.6,0.113389,0.0316252
155.8,0.109167,0.0315463
156,0.105922,0.0314272
156.2,0.112298,0.0315372
156.4,0.103046,0.0302215
156.6,0.0962311,0.0296793
156.8,0.0963356,0.0290412
157,0.0838585,0.0280226
157.2,0.0663781,0.0282203
157.4,0.0875582,0.0288426
157.6,0.0939106,0.0288924
157.8,0.11325,0.0292131
158,0.12143,0.0294539
158.2,0.127103,0.0301382
158.4,0.138003,0.0307141
158.6,0.187332,0.0317954
158.8,0.174662,0.0319295
159,0.187315,0.0323415
159.2,0.178249,0.0328871
159.4,0.205407,0.0335139
159.6,0.213395,0.0334121
159.8,0.198912,0.033508
160,0.167384,0.0323951
160.2,0.175396,0.0321195
160.4,0.17295,0.0322179
160.6,0.169599,0.0320053
160.8,0.134046,0.0311396
161,0.110138,0.0317348
161.2,0.103378,0.0324812
161.4,0.105123,0.0337169
161.6,0.0880032,0.0337152
161.8,0.0599397,0.0329628
162,0.0579259,0.0333392
162.2,0.0702555,0.0335046
162.4,0.0903375,0.0325525
162.6,0.116779,0.0317201
162.8,0.120908,0.030631
163,0.132993,0.0306316
163.2,0.135618,0.0309195
163.4,0.133176,0.0313309
163.6,0.133596,0.0326147
163.8,0.142197,0.0328161
164,0.141587,0.03319
164.2,0.142527,0.0337313
164.4,0.15317,0.0342478
164.6,0.167797,0.0348294
164.8,0.180292,0.03434
165,0.185402,0.0340854
165.2,0.166904,0.035275
165.4,0.140943,0.035617
165.6,0.121745,0.0352848
165.8,0.103645,0.0347402
166,0.0948808,0.0341482
166.2,0.0944212,0.033806
166.4,0.096366,0.0332297
166.6,0.0929598,0.0320843
166.8,0.09575,0.0318574
167,0.099316,0.0317653
167.2,0.103017,0.0320145
167.4,0.103111,0.0324077
167.6,0.106662,0.0329819
167.8,0.105344,0.0336251
168,0.114819,0.0343957
168.2,0.12767,0.0344662
168.4,0.121631,0.0344781
168.6,0.108452,0.0341236
168.8,0.109458,0.0338788
169,0.0962073,0.0335331
169.2,0.0848055,0.0326305
169.4,0.0981685,0.0326795
169.6,0.102162,0.0327614
169.8,0.115563,0.0332939
170,0.136282,0.0343945
170.2,0.146581,0.0355018
170.4,0.15401,0.0358444
170.6,0.158435,0.0362455
170.8,0.147587,0.0364868
171,0.115078,0.0363618
171.2,0.125405,0.0365865
171.4,0.127365,0.0362429
171.6,0.136006,0.0357867
171.8,0.139803,0.0361613
172,0.138386,0.0355686
172.2,0.135732,0.0351163
172.4,0.151286,0.0351502
172.6,0.135557,0.034623
172.8,0.138554,0.0346896
173,0.135097,0.0349643
173.2,0.116697,0.0347264
173.4,0.109439,0.0357763
173.6,0.113082,0.0359994
173.8,0.126996,0.0362392
174,0.132485,0.0366237
174.2,0.122201,0.0366612
174.4,0.110586,0.0361915
174.6,0.117957,0.0360962
174.8,0.117644,0.0360738
175,0.109082,0.0364354
175.2,0.0894142,0.0360113
175.4,0.0790371,0.0360751
175.6,0.0827746,0.0354569
175.8,0.0823873,0.0350549
176,0.0841296,0.0348936
176.2,0.090833,0.0348534
176.4,0.111503,0.0342456
176.6,0.124621,0.0345455
176.8,0.125999,0.0346149
177,0.122238,0.0348518
177.2,0.127291,0.0355585
177.4,0.121037,0.0365179
177.6,0.106037,0.0366707
177.8,0.0823057,0.0368192
178,0.0889476,0.0372962
178.2,0.108979,0.038075
178.4,0.113654,0.0390289
178.6,0.127143,0.039444
178.8,0.159398,0.0390674
179,0.188218,0.0385811
179.2,0.198113,0.0391211
179.4,0.19914,0.0416212
179.6,0.199792,0.0449436
179.8,0.209484,0.0495027
179.95,0.19929,0.0559798
1
0.8,0.00723321,0.000226217
1,0.00842541,0.000246232
1.2,0.00949397,0.000261738
1.4,0.0104335,0.000273954
1.6,0.0104118,0.000292396
1.8,0.010691,0.000315648
2,0.0113514,0.00033938
2.2,0.0114182,0.000359782
2.4,0.0119875,0.000381241
2.6,0.0130183,0.000406305
2.8,0.0141986,0.000437382
3,0.015437,0.000469444
3.2,0.0169458,0.000501954
3.4,0.0183131,0.000537287
3.6,0.0209523,0.000578376
3.8,0.0239858,0.00062006
4,0.0266615,0.000659008
4.2,0.0292818,0.000694048
4.4,0.0312892,0.000720171
4.6,0.0323176,0.000740142
4.8,0.033485,0.000753049
5,0.0340581,0.000756618
5.2,0.0339863,0.000756322
5.4,0.0335956,0.000756923
5.6,0.0336617,0.000759247
5.8,0.0347972,0.000770985
6,0.0367689,0.000788258
6.2,0.038228,0.000808494
6.4,0.0393917,0.000829641
6.6,0.0411921,0.000855092
6.8,0.0428221,0.000881361
7,0.0446927,0.00090665
7.2,0.0458392,0.000928108
7.4,0.048165,0.00095302
7.6,0.0497143,0.000973366
7.8,0.0513296,0.000997316
8,0.0526724,0.00101561
8.2,0.0551328,0.00103974
8.4,0.0563583,0.00106447
8.6,0.057184,0.0010879
8.8,0.0582331,0.00110873
9,0.0599185,0.00113651
9.2,0.0610737,0.00115902
9.4,0.0618622,0.00118622
9.6,0.0632673,0.00121676
9.8,0.0656461,0.00125132
10,0.0678575,0.00129043
10.2,0.0707356,0.00133457
10.4,0.0738849,0.00138668
10.6,0.0800334,0.00145429
10.8,0.0862068,0.00152792
11,0.0913196,0.00159963
11.2,0.0971375,0.00166515
11.4,0.103089,0.001729
11.6,0.106882,0.00178335
11.8,0.110028,0.0018215
12,0.108791,0.0018483
12.2,0.106429,0.00186603
12.4,0.104618,0.00187724
12.6,0.102079,0.0018933
12.8,0.100855,0.00191537
13,0.0986207,0.00194231
13.2,0.0956889,0.00197542
13.4,0.0963173,0.0020073
13.6,0.0976298,0.00204474
13.8,0.0982992,0.00208587
14,0.100885,0.00213377
14.2,0.101264,0.00217216
14.4,0.103284,0.0022147
14.6,0.108659,0.00226489
14.8,0.112823,0.00232465
15,0.11538,0.00237754
15.2,0.118456,0.00243297
15.4,0.11949,0.00248108
15.6,0.120688,0.00253507
15.8,0.122231,0.00258483
16,0.121463,0.00263519
16.2,0.120835,0.00267744
16.4,0.121851,0.00273135
16.6,0.121791,0.00278057
16.8,0.122426,0.00284236
17,0.121867,0.00289743
17.2,0.121364,0.00295506
17.4,0.123616,0.00301005
17.6,0.124787,0.00307285
17.8,0.123878,0.00311626
18,0.123489,0.00315681
18.2,0.121358,0.00318009
18.4,0.122025,0.00320432
18.6,0.121585,0.00322538
18.8,0.120526,0.00324405
19,0.118515,0.00326667
19.2,0.120266,0.00329377
19.4,0.123472,0.00332643
19.6,0.124726,0.00335537
19.8,0.127222,0.00338371
20,0.127814,0.00341461
20.2,0.129158,0.00344272
20.4,0.129192,0.00344528
20.6,0.130432,0.00346101
20.8,0.127845,0.00346417
21,0.126564,0.00346387
21.2,0.125098,0.00347472
21.4,0.125646,0.00348306
21.6,0.12148,0.00349115
21.8,0.120779,0.0035143
22,0.119048,0.0035318
22.2,0.120621,0.00356372
22.4,0.122938,0.0035964
22.6,0.123837,0.00362151
22.8,0.123135,0.00363959
23,0.127588,0.00366434
23.2,0.13156,0.00369325
23.4,0.132777,0.00371156
23.6,0.132862,0.00373061
23.8,0.135145,0.00375041
24,0.135516,0.0037678
24.2,0.135292,0.0037747
24.4,0.135441,0.00379647
24.6,0.138649,0.00381299
24.8,0.142109,0.00384855
25,0.144606,0.00387394
25.2,0.149097,0.0039133
25.4,0.15092,0.00394061
25.6,0.15444,0.00399408
25.8,0.158521,0.00403507
26,0.161903,0.00408205
26.2,0.162407,0.00411402
26.4,0.164247,0.00415776
26.6,0.160933,0.00419092
26.8,0.163164,0.00424579
27,0.169582,0.00431706
27.2,0.170723,0.00437185
27.4,0.16689,0.00441035
27.6,0.168471,0.00446976
27.8,0.167749,0.00451318
28,0.168884,0.00455399
28.2,0.170575,0.00459852
28.4,0.168074,0.0045952
28.6,0.166116,0.00461238
28.8,0.170456,0.00463267
29,0.168589,0.00461951
29.2,0.169823,0.0046156
29.4,0.171839,0.00461092
29.6,0.171025,0.00459905
29.8,0.168037,0.00461417
30,0.168805,0.00459042
30.2,0.16516,0.00458134
30.4,0.165128,0.00457748
30.6,0.163542,0.00458712
30.8,0.159258,0.00458798
31,0.155635,0.00457266
31.2,0.154272,0.00456488
31.4,0.149881,0.00458552
31.6,0.149655,0.00460389
31.8,0.147998,0.00462747
32,0.147863,0.00462786
32.2,0.151099,0.0046748
32.4,0.154679,0.00471853
32.6,0.156273,0.00474068
32.8,0.156111,0.0047498
33,0.152279,0.00475044
33.2,0.15572,0.00478367
33.4,0.158454,0.00483027
33.6,0.160942,0.00485949
33.8,0.158074,0.0049055
34,0.155996,0.00494196
34.2,0.155167,0.00499593
34.4,0.155168,0.00506573
34.6,0.153435,0.00511206
34.8,0.152813,0.00515685
35,0.147952,0.00516174
35.2,0.146211,0.00515833
35.4,0.146099,0.00517358
35.6,0.149217,0.00518131
35.8,0.149331,0.00517893
36,0.14254,0.00517425
36.2,0.135399,0.00516801
36.4,0.134455,0.00519491
36.6,0.134126,0.0051979
36.8,0.12906,0.00518246
37,0.128634,0.00518283
37.2,0.127535,0.00518389
37.4,0.131827,0.00517644
37.6,0.131421,0.00514021
37.8,0.127879,0.0051121
38,0.125057,0.00511506
38.2,0.129586,0.00512904
38.4,0.126625,0.00511664
38.6,0.127777,0.00511315
38.8,0.126822,0.00512489
39,0.127303,0.00514853
39.2,0.131063,0.0051592
39.4,0.132573,0.00513551
39.6,0.134256,0.00514094
39.8,0.137949,0.00514213
40,0.135212,0.00512493
40.2,0.133293,0.00508081
40.4,0.132525,0.00503631
40.6,0.125199,0.00497725
40.8,0.123836,0.00494788
41,0.123933,0.00490744
41.2,0.120064,0.00487396
41.4,0.120351,0.00485246
41.6,0.122103,0.00486033
41.8,0.124272,0.00488399
42,0.126146,0.0049125
42.2,0.12818,0.00494101
42.4,0.123734,0.00492514
42.6,0.124935,0.00495332
42.8,0.125105,0.00494802
43,0.123608,0.0049546
43.2,0.121605,0.00496145
43.4,0.121785,0.0049622
43.6,0.122748,0.00496432
43.8,0.124877,0.00502602
44,0.121593,0.00499253
44.2,0.122743,0.00503443
44.4,0.121183,0.00505099
44.6,0.121798,0.00505641
44.8,0.121714,0.00508878
45,0.122247,0.00512459
45.2,0.117516,0.00507681
45.4,0.120096,0.00512683
45.6,0.115118,0.00511528
45.8,0.114227,0.00509086
46,0.116133,0.00511695
46.2,0.122074,0.00515409
46.4,0.120593,0.00518947
46.6,0.124421,0.00525626
46.8,0.119676,0.00525867
47,0.119689,0.00527616
47.2,0.121925,0.00533757
47.4,0.122937,0.00541253
47.6,0.120216,0.00542818
47.8,0.125005,0.00544736
48,0.127224,0.00549277
48.2,0.135739,0.00556285
48.4,0.142642,0.00564233
48.6,0.142161,0.00564279
48.8,0.143685,0.00565812
49,0.142388,0.00565912
49.2,0.141923,0.00572024
49.4,0.150732,0.00578257
49.6,0.14947,0.00584601
49.8,0.153712,0.00592162
50,0.164281,0.00604382
50.2,0.165898,0.00605859
50.4,0.177219,0.00621
50.6,0.183088,0.0062614
50.8,0.182984,0.00633322
51,0.18424,0.00635869
51.2,0.187182,0.00643727
51.4,0.183244,0.00645506
51.6,0.187296,0.00654154
51.8,0.184617,0.00650337
52,0.181439,0.00649566
52.2,0.177194,0.0064532
52.4,0.180358,0.00647407
52.6,0.173864,0.00639633
52.8,0.175022,0.00639361
53,0.170295,0.00638496
53.2,0.166873,0.00640295
53.4,0.167947,0.00643181
53.6,0.163402,0.00645701
53.8,0.159382,0.00645304
54,0.162223,0.00648442
54.2,0.154652,0.00643758
54.4,0.15012,0.00636117
54.6,0.144694,0.00630437
54.8,0.129942,0.00621781
55,0.127662,0.00615143
55.2,0.122691,0.00609604
55.4,0.114435,0.00608494
55.6,0.113789,0.00610341
55.8,0.106193,0.00606793
56,0.102019,0.00606674
56.2,0.107925,0.00616019
56.4,0.103399,0.00616953
56.6,0.102605,0.00619479
56.8,0.0986629,0.00614949
57,0.0978183,0.00614731
57.2,0.100706,0.00620007
57.4,0.103162,0.00625001
57.6,0.0966074,0.00619505
57.8,0.0959058,0.0062502
58,0.092988,0.00624656
58.2,0.0926512,0.00628211
58.4,0.0918594,0.00634921
58.6,0.0902644,0.00633605
58.8,0.0893915,0.00635396
59,0.0960803,0.00642862
59.2,0.100669,0.00647128
59.4,0.105312,0.00653042
59.6,0.107299,0.00655841
59.8,0.104706,0.00659137
60,0.114252,0.00674169
60.2,0.116762,0.00682339
60.4,0.115646,0.00688381
60.6,0.116608,0.00693091
60.8,0.115664,0.0070191
61,0.118351,0.00706619
61.2,0.124537,0.00708522
61.4,0.125376,0.00714201
61.6,0.129244,0.00716974
61.8,0.129365,0.00724399
62,0.129355,0.00728487
62.2,0.137115,0.0073704
62.4,0.142052,0.00750706
62.6,0.146617,0.00760217
62.8,0.141381,0.00759747
63,0.146874,0.00772585
63.2,0.1572,0.00777155
63.4,0.163884,0.00791266
63.6,0.16453,0.00800757
63.8,0.167089,0.00803541
64,0.164733,0.00807133
64.2,0.167013,0.0081275
64.4,0.164142,0.00808817
64.6,0.161704,0.00808182
64.8,0.160644,0.00807625
65,0.158915,0.00805722
65.2,0.155728,0.00812949
65.4,0.161835,0.00824462
65.6,0.165795,0.00830646
65.8,0.168695,0.00838864
66,0.170227,0.00849533
66.2,0.165604,0.0084952
66.4,0.167864,0.00853114
66.6,0.177885,0.00857687
66.8,0.176118,0.00860311
67,0.178948,0.00878421
67.2,0.174967,0.00883763
67.4,0.176319,0.00884903
67.6,0.180096,0.00896075
67.8,0.181758,0.00900818
68,0.17681,0.0090183
68.2,0.176047,0.00902871
68.4,0.178316,0.00895553
68.6,0.182057,0.00899408
68.8,0.181818,0.00903983
69,0.189205,0.00902026
69.2,0.186251,0.00903033
69.4,0.189022,0.00907472
69.6,0.194912,0.00915811
69.8,0.197805,0.00925178
70,0.195098,0.00928679
70.2,0.191373,0.00933314
70.4,0.189047,0.00936108
70.6,0.191023,0.00944495
70.8,0.188246,0.00948611
71,0.176128,0.0094187
71.2,0.165586,0.00938129
71.4,0.16566,0.0093534
71.6,0.167561,0.0094054
71.8,0.163716,0.00940201
72,0.159802,0.00938527
72.2,0.155804,0.00929933
72.4,0.159294,0.00928307
72.6,0.162039,0.00925303
72.8,0.157458,0.00921824
73,0.148332,0.00918281
73.2,0.141455,0.00914729
73.4,0.134971,0.00913926
73.6,0.13153,0.00923391
73.8,0.133897,0.00928431
74,0.131544,0.00927286
74.2,0.12794,0.00928206
74.4,0.140556,0.00934548
74.6,0.141154,0.00937153
74.8,0.144036,0.0093788
75,0.150532,0.00942415
75.2,0.153095,0.0095437
75.4,0.153127,0.00962772
75.6,0.159493,0.00967752
75.8,0.154455,0.00972486
76,0.153914,0.00983586
76.2,0.151004,0.00983367
76.4,0.148693,0.00995992
76.6,0.142201,0.00997698
76.8,0.139874,0.0100152
77,0.132251,0.0100719
77.2,0.126733,0.00994688
77.4,0.135117,0.0100143
77.6,0.141388,0.0102324
77.8,0.133871,0.0100848
78,0.137604,0.0101053
78.2,0.143638,0.0101766
78.4,0.152536,0.0101885
78.6,0.152351,0.0103423
78.8,0.141864,0.0103013
79,0.137075,0.0101674
79.2,0.134838,0.0101627
79.4,0.126027,0.010078
79.6,0.112776,0.00986826
79.8,0.105595,0.00990291
80,0.105769,0.00984899
80.2,0.104564,0.00983892
80.4,0.102311,0.0097987
80.6,0.109766,0.00986351
80.8,0.113832,0.00992991
81,0.117303,0.0100916
81.2,0.117441,0.0100956
81.4,0.110958,0.0100048
81.6,0.11713,0.00998479
81.8,0.115734,0.00997379
82,0.110523,0.00990172
82.2,0.102175,0.00973733
82.4,0.0953341,0.00954383
82.6,0.0914194,0.00946436
82.8,0.0938963,0.00957469
83,0.0896737,0.0095748
83.2,0.0884556,0.00961236
83.4,0.0857918,0.00962086
83.6,0.0875713,0.00978898
83.8,0.0949646,0.00998208
84,0.104316,0.0101319
84.2,0.106182,0.0102341
84.4,0.107197,0.0103526
84.6,0.109264,0.0104116
84.8,0.105693,0.0105247
85,0.107138,0.0104681
85.2,0.106806,0.0105997
85.4,0.09978,0.0107412
85.6,0.0974166,0.010722
85.8,0.0968512,0.0108992
86,0.0953669,0.0108965
86.2,0.0974801,0.0108385
86.4,0.100107,0.0112032
86.6,0.0999262,0.0112593
86.8,0.0989355,0.0112914
87,0.102213,0.0113688
87.2,0.111669,0.0114844
87.4,0.111626,0.0115821
87.6,0.107914,0.0116096
87.8,0.106286,0.0116069
88,0.100492,0.0115771
88.2,0.105698,0.0114385
88.4,0.100567,0.0115664
88.6,0.0834292,0.0114235
88.8,0.0863599,0.011484
89,0.0924042,0.0117304
89.2,0.085492,0.0115192
89.4,0.0842129,0.0114754
89.6,0.08566,0.0116754
89.8,0.0901478,0.011547
90,0.0952757,0.011664
90.2,0.0970645,0.0118229
90.4,0.103277,0.0120238
90.6,0.111067,0.0121404
90.8,0.118884,0.0123737
91,0.115735,0.012383
91.2,0.109534,0.0124329
91.4,0.114157,0.0123435
91.6,0.118427,0.0123365
91.8,0.113797,0.0122106
92,0.117428,0.0124177
92.2,0.112136,0.0123327
92.4,0.109325,0.0121429
92.6,0.114617,0.0122579
92.8,0.112036,0.0123973
93,0.105398,0.0124739
93.2,0.10573,0.0125012
93.4,0.0976602,0.0122226
93.6,0.102994,0.012216
93.8,0.106722,0.0125132
94,0.107777,0.0124536
94.2,0.106825,0.0124971
94.4,0.105011,0.0125574
94.6,0.101581,0.0124294
94.8,0.102804,0.0127137
95,0.102939,0.0128702
95.2,0.101797,0.0128232
95.4,0.0994387,0.0127799
95.6,0.0948851,0.0127167
95.8,0.0929269,0.0126204
96,0.0913977,0.0128327
96.2,0.0826225,0.012863
96.4,0.0809216,0.0128024
96.6,0.0761606,0.0128718
96.8,0.0752896,0.0130709
97,0.0753835,0.0130434
97.2,0.0832287,0.0131151
97.4,0.0876638,0.0130081
97.6,0.0990531,0.0128745
97.8,0.110396,0.0131411
98,0.104009,0.0132528
98.2,0.107084,0.0135023
98.4,0.116887,0.013565
98.6,0.115851,0.01353
98.8,0.119182,0.0136509
99,0.1178,0.0138057
99.2,0.10248,0.0136925
99.4,0.104729,0.01345
99.6,0.104821,0.013412
99.8,0.105489,0.0136948
100,0.0971823,0.0138328
100.2,0.0975552,0.013898
100.4,0.0985821,0.014102
100.6,0.103615,0.0141602
100.8,0.102489,0.0142432
101,0.0956113,0.0142233
101.2,0.0931831,0.0140741
101.4,0.103702,0.0140861
101.6,0.119055,0.0145504
101.8,0.128694,0.0146863
102,0.126415,0.0148483
102.2,0.130369,0.0151645
102.4,0.139347,0.0152622
102.6,0.136192,0.0152581
102.8,0.133092,0.0151001
103,0.117338,0.0146061
103.2,0.102688,0.0144659
103.4,0.0984923,0.0144748
103.6,0.100648,0.0145086
103.8,0.0883917,0.0144307
104,0.0896875,0.0146447
104.2,0.0884077,0.014949
104.4,0.0782904,0.015143
104.6,0.0859449,0.0151875
104.8,0.0893327,0.0152609
105,0.0941422,0.0153533
105.2,0.107101,0.0155539
105.4,0.102279,0.0155736
105.6,0.103109,0.0157426
105.8,0.113756,0.0159894
106,0.113732,0.0162262
106.2,0.120806,0.0164104
106.4,0.127747,0.0166677
106.6,0.146575,0.017105
106.8,0.165124,0.0174543
107,0.163939,0.0175227
107.2,0.160648,0.0173586
107.4,0.16814,0.0171272
107.6,0.157152,0.0170059
107.8,0.157507,0.0171014
108,0.130724,0.0166333
108.2,0.123266,0.016424
108.4,0.135324,0.0164017
108.6,0.144638,0.0164431
108.8,0.150759,0.0168254
109,0.16172,0.0170169
109.2,0.161719,0.0171684
109.4,0.168699,0.0173144
109.6,0.165798,0.0174388
109.8,0.164605,0.0177587
110,0.171232,0.018054
110.2,0.159562,0.018088
110.4,0.16113,0.0183006
110.6,0.159371,0.0180736
110.8,0.162126,0.0182801
111,0.155535,0.0186234
111.2,0.140855,0.0184442
111.4,0.132395,0.0183938
111.6,0.119666,0.0183114
111.8,0.121168,0.0181097
112,0.120902,0.0181256
112.2,0.113531,0.0182394
112.4,0.122568,0.0181407
112.6,0.139178,0.0183534
112.8,0.135285,0.0182014
113,0.149879,0.0181605
113.2,0.141968,0.0182478
113.4,0.133965,0.0181849
113.6,0.147969,0.018298
113.8,0.15146,0.0183764
114,0.148349,0.0183528
114.2,0.157543,0.0188505
114.4,0.155396,0.0190804
114.6,0.160565,0.0192789
114.8,0.170926,0.0196262
115,0.162865,0.0196706
115.2,0.159873,0.0196038
115.4,0.15792,0.0197969
115.6,0.162596,0.01981
115.8,0.170578,0.0198368
116,0.168338,0.0198353
116.2,0.168913,0.0197064
116.4,0.168921,0.0197308
116.6,0.174107,0.0199598
116.8,0.171308,0.0197007
117,0.162037,0.0196646
117.2,0.147934,0.019765
117.4,0.158376,0.0200976
117.6,0.177845,0.0206046
117.8,0.177567,0.020557
118,0.164258,0.0204682
118.2,0.156266,0.0207241
118.4,0.157051,0.0207452
118.6,0.168939,0.0211205
118.8,0.166339,0.021025
119,0.139874,0.0206145
119.2,0.14316,0.0210079
119.4,0.158215,0.0213715
119.6,0.16029,0.0215627
119.8,0.162302,0.0216187
120,0.156793,0.0212521
120.2,0.157768,0.0213223
120.4,0.166318,0.0217938
120.6,0.154657,0.0213278
120.8,0.131099,0.0209623
121,0.137255,0.020899
121.2,0.139648,0.0212506
121.4,0.12672,0.0215016
121.6,0.12138,0.0214368
121.8,0.111944,0.0209821
122,0.112472,0.0211349
122.2,0.122276,0.0211472
122.4,0.127509,0.0213504
122.6,0.133437,0.0213948
122.8,0.150047,0.0217669
123,0.148743,0.0217898
123.2,0.164381,0.0222852
123.4,0.186691,0.0224044
123.6,0.195014,0.0223929
123.8,0.196464,0.0224763
124,0.190826,0.0221622
124.2,0.196975,0.0220748
124.4,0.189984,0.0220101
124.6,0.172993,0.0216069
124.8,0.166911,0.0218721
125,0.162333,0.0224883
125.2,0.16435,0.0226454
125.4,0.158244,0.0229385
125.6,0.141794,0.0228709
125.8,0.160834,0.0235309
126,0.149672,0.0234847
126.2,0.152398,0.0233348
126.4,0.15384,0.0232678
126.6,0.142629,0.02304
126.8,0.135395,0.0229729
127,0.152929,0.0230692
127.2,0.138746,0.0226532
127.4,0.141804,0.0229144
127.6,0.120978,0.0229822
127.8,0.116632,0.0224834
128,0.127665,0.022547
128.2,0.130127,0.022958
128.4,0.108857,0.0228775
128.6,0.117229,0.0226427
128.8,0.137038,0.0231733
129,0.159047,0.0240588
129.2,0.163992,0.024851
129.4,0.163085,0.0248706
129.6,0.158594,0.024587
129.8,0.168724,0.0250336
130,0.161204,0.0252767
130.2,0.159194,0.0251638
130.4,0.144812,0.0244891
130.6,0.136768,0.0239615
130.8,0.126437,0.0239295
131,0.128828,0.0242317
131.2,0.120428,0.0237227
131.4,0.116098,0.0238317
131.6,0.104994,0.0235974
131.8,0.109341,0.0238405
132,0.114884,0.0243175
132.2,0.132126,0.0244876
132.4,0.130751,0.0239942
132.6,0.136223,0.0239942
132.8,0.143999,0.0240784
133,0.154741,0.0245448
133.2,0.160216,0.0243337
133.4,0.160924,0.0238122
133.6,0.134635,0.0236023
133.8,0.143643,0.0243713
134,0.161687,0.0251342
134.2,0.15516,0.0254288
134.4,0.144592,0.0255028
134.6,0.14681,0.0259131
134.8,0.143158,0.0265724
135,0.146982,0.0270639
135.2,0.133755,0.0269639
135.4,0.132973,0.0269869
135.6,0.135209,0.0271232
135.8,0.137225,0.0269954
136,0.120658,0.0266578
136.2,0.111733,0.0262815
136.4,0.114771,0.025948
136.6,0.134236,0.02591
136.8,0.129898,0.0255369
137,0.135869,0.0256267
137.2,0.13485,0.0254825
137.4,0.136356,0.0259738
137.6,0.15737,0.0265137
137.8,0.177876,0.0270514
138,0.178801,0.027169
138.2,0.158544,0.0271691
138.4,0.151791,0.0270721
138.6,0.146764,0.0270987
138.8,0.161609,0.0268221
139,0.157512,0.0265874
139.2,0.137757,0.0258553
139.4,0.126437,0.0257241
139.6,0.129854,0.0256566
139.8,0.138927,0.0256337
140,0.143829,0.0253615
140.2,0.130281,0.0248106
140.4,0.117455,0.0241758
140.6,0.122531,0.0250195
140.8,0.124471,0.0250571
141,0.144274,0.0256049
141.2,0.151895,0.0258917
141.4,0.149179,0.0259667
141.6,0.150643,0.026676
141.8,0.156465,0.0270748
142,0.133219,0.0269094
142.2,0.125108,0.0268304
142.4,0.112007,0.0265667
142.6,0.103623,0.0259567
142.8,0.112491,0.0266202
143,0.124398,0.0268342
143.2,0.126498,0.0273784
143.4,0.139599,0.0270943
143.6,0.141186,0.027273
143.8,0.130286,0.0276229
144,0.136184,0.0281924
144.2,0.127684,0.0279024
144.4,0.116377,0.0278326
144.6,0.120917,0.027654
144.8,0.115272,0.0275426
145,0.110543,0.0274959
145.2,0.11825,0.0274563
145.4,0.116639,0.0274652
145.6,0.115635,0.0271183
145.8,0.109162,0.0267022
146,0.0979713,0.0268989
146.2,0.0936472,0.0269896
146.4,0.0952385,0.0270596
146.6,0.0928689,0.0271032
146.8,0.0689361,0.0270856
147,0.0614556,0.0273878
147.2,0.0672254,0.0281947
147.4,0.088047,0.0287651
147.6,0.0966257,0.0291825
147.8,0.0980219,0.0293414
148,0.0915338,0.029278
148.2,0.106944,0.029456
148.4,0.10874,0.0296865
148.6,0.109983,0.0298741
148.8,0.0778068,0.0291399
149,0.0815342,0.0292406
149.2,0.0731118,0.0292819
149.4,0.0832677,0.0287499
149.6,0.0983698,0.029315
149.8,0.0962773,0.0302834
150,0.0709824,0.0300912
150.2,0.0952432,0.0304677
150.4,0.106946,0.0306402
150.6,0.133002,0.0308025
150.8,0.150208,0.0316111
151,0.145066,0.0312165
151.2,0.148348,0.0307482
151.4,0.165329,0.0304918
151.6,0.148133,0.0304604
151.8,0.126519,0.030376
152,0.101092,0.0301083
152.2,0.0751681,0.02994
152.4,0.0521977,0.0296339
152.6,0.0652994,0.0289881
152.8,0.0883617,0.0292728
153,0.0917435,0.0294814
153.2,0.099307,0.0293326
153.4,0.10264,0.0295572
153.6,0.0970746,0.0297212
153.8,0.107491,0.029691
154,0.110313,0.0299853
154.2,0.0851849,0.0291703
154.4,0.0944745,0.0293816
154.6,0.0997848,0.0302177
154.8,0.107503,0.0305205
155,0.123807,0.0303862
155.2,0.136255,0.0310169
155.4,0.127452,0.0308903
155.6,0.135688,0.0320794
155.8,0.133989,0.0318208
156,0.118837,0.031014
156.2,0.112722,0.0307829
156.4,0.107286,0.0315483
156.6,0.086591,0.0317432
156.8,0.0879291,0.0322491
157,0.0806041,0.0311686
157.2,0.065858,0.0304597
157.4,0.0741696,0.0302667
157.6,0.0789028,0.0296358
157.8,0.087255,0.0283784
158,0.0853455,0.0281524
158.2,0.0772526,0.0284008
158.4,0.0891733,0.0295644
158.6,0.116858,0.031696
158.8,0.13905,0.032763
159,0.142625,0.0335334
159.2,0.125865,0.0333706
159.4,0.13469,0.0329593
159.6,0.129865,0.0327782
159.8,0.120641,0.0328342
160,0.104624,0.0316343
160.2,0.0925742,0.0315888
160.4,0.0924937,0.0316598
160.6,0.109126,0.0327766
160.8,0.112349,0.033247
161,0.105054,0.0323839
161.2,0.0801082,0.0316253
161.4,0.0642182,0.031842
161.6,0.042178,0.0312168
161.8,0.0204452,0.0313218
162,0.003839,0.0311506
162.2,-0.0108451,0.0315931
162.4,-0.0205199,0.0327759
162.6,-0.0110245,0.0329576
162.8,-0.0139924,0.0330127
163,-0.0143835,0.033216
163.2,8.15489e-05,0.0333164
163.4,0.0188613,0.0331556
163.6,0.0233301,0.0326192
163.8,0.053394,0.0310738
164,0.0873402,0.0310966
164.2,0.11159,0.0311777
164.4,0.120214,0.0310486
164.6,0.107144,0.0313054
164.8,0.093484,0.0316642
165,0.103064,0.0322118
165.2,0.0966578,0.033879
165.4,0.0899467,0.034437
165.6,0.101564,0.0351664
165.8,0.0999704,0.0349187
166,0.113959,0.0340538
166.2,0.119174,0.0337206
166.4,0.111185,0.0333203
166.6,0.121005,0.0329125
166.8,0.115497,0.0331903
167,0.0980607,0.0325968
167.2,0.0986401,0.0329515
167.4,0.104184,0.033473
167.6,0.114487,0.0337744
167.8,0.124588,0.0338164
168,0.110039,0.0334834
168.2,0.0962215,0.0330676
168.4,0.0918548,0.0335451
168.6,0.105263,0.0338668
168.8,0.115755,0.0343716
169,0.111781,0.0345336
169.2,0.0912637,0.03375
169.4,0.0892827,0.0340527
169.6,0.0975176,0.0345298
169.8,0.118767,0.0343525
170,0.111097,0.0348596
170.2,0.109423,0.0356483
170.4,0.0961002,0.035527
170.6,0.110238,0.0372365
170.8,0.1138,0.0383421
171,0.115181,0.0374064
171.2,0.08932,0.0365001
171.4,0.0423807,0.0362359
171.6,0.0119387,0.0347073
171.8,0.0251697,0.0347521
172,0.0287443,0.0336201
172.2,0.0482074,0.0331146
172.4,0.058428,0.0342059
172.6,0.0484992,0.0342363
172.8,0.0781974,0.0338188
173,0.0964865,0.0342577
173.2,0.0785333,0.034295
173.4,0.0675211,0.0343414
173.6,0.0651336,0.0343477
173.8,0.0597859,0.0343989
174,0.0793877,0.0361826
174.2,0.104963,0.0368882
174.4,0.123429,0.0371353
174.6,0.156314,0.0381679
174.8,0.161243,0.0389875
175,0.174408,0.0398975
175.2,0.172891,0.0396904
175.4,0.18055,0.0391366
175.6,0.181654,0.0399882
175.8,0.152258,0.0406622
176,0.131257,0.0412493
176.2,0.121174,0.0410951
176.4,0.071566,0.0400838
176.6,0.0564374,0.0396289
176.8,0.0262449,0.03902
177,0.0142287,0.0375178
177.2,0.0302517,0.0371165
177.4,0.0420195,0.0359478
177.6,0.0545454,0.0360799
177.8,0.0691833,0.0363046
178,0.0695463,0.036711
178.2,0.0883175,0.0363643
178.4,0.0843644,0.0365916
178.6,0.0641638,0.0359783
178.8,0.0432795,0.035934
179,0.0375524,0.036269
179.2,0.0462259,0.0361785
179.4,0.053029,0.0384216
179.6,0.0472777,0.0425264
179.8,0.0503922,0.0476404
179.95,0.0649778,0.0552799
2
0.8,0.0161615,0.000233174
1,0.0195693,0.000250459
1.2,0.0225981,0.000264284
1.4,0.0253977,0.000276284
1.6,0.0269107,0.000291332
1.8,0.0289866,0.000308044
2,0.0311997,0.000327784
2.2,0.0331587,0.000346548
2.4,0.0357206,0.000368401
2.6,0.0386435,0.000392453
2.8,0.0424223,0.000418199
3,0.0463312,0.000443383
3.2,0.0502223,0.000468731
3.4,0.0541888,0.000494571
3.6,0.0586914,0.000521894
3.8,0.0630354,0.000548657
4,0.0678682,0.000575142
4.2,0.0717832,0.000600167
4.4,0.0759516,0.000623157
4.6,0.0795804,0.000643717
4.8,0.0829556,0.000662338
5,0.08624,0.000679904
5.2,0.0892443,0.000696498
5.4,0.0924184,0.000714263
5.6,0.0963295,0.000733225
5.8,0.10063,0.000756709
6,0.105527,0.000781753
6.2,0.11072,0.000807281
6.4,0.115369,0.000831672
6.6,0.120507,0.000857971
6.8,0.125218,0.000883213
7,0.129776,0.000907256
7.2,0.134111,0.00092815
7.4,0.138437,0.000948409
7.6,0.142286,0.000968422
7.8,0.145818,0.000988082
8,0.149034,0.00100658
8.2,0.152423,0.00102668
8.4,0.155192,0.00104791
8.6,0.157492,0.00106765
8.8,0.159055,0.00108754
9,0.160881,0.0011097
9.2,0.16302,0.00113074
9.4,0.164479,0.00115242
9.6,0.167493,0.00117912
9.8,0.170723,0.00120482
10,0.174031,0.00123263
10.2,0.178423,0.00126305
10.4,0.183501,0.00129751
10.6,0.191054,0.00133862
10.8,0.200496,0.00138608
11,0.208621,0.00143151
11.2,0.217696,0.00147752
11.4,0.225939,0.00152165
11.6,0.232505,0.00155969
11.8,0.237103,0.00158895
12,0.237544,0.00161146
12.2,0.235016,0.00162492
12.4,0.232281,0.00163529
12.6,0.228118,0.00164432
12.8,0.223625,0.00165345
13,0.220403,0.00166773
13.2,0.216952,0.00168772
13.4,0.215262,0.001707
13.6,0.215446,0.00173141
13.8,0.215487,0.00175662
14,0.2171,0.001787
14.2,0.217647,0.00181619
14.4,0.218275,0.00184629
14.6,0.222119,0.00187591
14.8,0.226296,0.00191193
15,0.228682,0.001947
15.2,0.230762,0.00198197
15.4,0.231402,0.00201123
15.6,0.234656,0.00204698
15.8,0.236814,0.00207935
16,0.236076,0.00210986
16.2,0.236269,0.0021426
16.4,0.23616,0.00217527
16.6,0.235883,0.00220678
16.8,0.236854,0.00224776
17,0.235864,0.00228393
17.2,0.237161,0.00232652
17.4,0.240062,0.00237332
17.6,0.239518,0.00241568
17.8,0.240634,0.00245956
18,0.241343,0.00250333
18.2,0.241806,0.00254084
18.4,0.243899,0.00258491
18.6,0.241562,0.00262553
18.8,0.240964,0.00266533
19,0.241796,0.0027153
19.2,0.243058,0.00276342
19.4,0.243902,0.0028048
19.6,0.244121,0.00284989
19.8,0.243666,0.00288413
20,0.245727,0.0029161
20.2,0.244624,0.00294087
20.4,0.244404,0.00295576
20.6,0.243896,0.00296641
20.8,0.244522,0.0029828
21,0.242522,0.00299343
21.2,0.241635,0.00301028
21.4,0.242214,0.00302617
21.6,0.241457,0.00304577
21.8,0.239294,0.00306422
22,0.241181,0.00309024
22.2,0.240402,0.00310989
22.4,0.243512,0.00313336
22.6,0.243707,0.00315002
22.8,0.242784,0.00316582
23,0.244137,0.00318189
23.2,0.247944,0.00319892
23.4,0.247495,0.00321421
23.6,0.249993,0.00323746
23.8,0.252409,0.00325526
24,0.254623,0.00327409
24.2,0.255688,0.00329248
24.4,0.259131,0.0033106
24.6,0.262187,0.00332803
24.8,0.263271,0.00334045
25,0.264977,0.00335234
25.2,0.264779,0.00336969
25.4,0.266634,0.00338934
25.6,0.268971,0.00340752
25.8,0.271601,0.00343762
26,0.275736,0.0034673
26.2,0.278455,0.00350061
26.4,0.279925,0.00354051
26.6,0.283118,0.00358044
26.8,0.28645,0.00362641
27,0.290835,0.00368004
27.2,0.291215,0.00371965
27.4,0.290061,0.0037632
27.6,0.292412,0.00380873
27.8,0.293064,0.00384047
28,0.29251,0.00385767
28.2,0.293902,0.00388492
28.4,0.291066,0.00389459
28.6,0.29159,0.00390681
28.8,0.293693,0.00391304
29,0.29462,0.00390519
29.2,0.295443,0.00389516
29.4,0.2997,0.00389433
29.6,0.298569,0.00388065
29.8,0.298848,0.00387186
30,0.300153,0.0038568
30.2,0.297674,0.00384189
30.4,0.293649,0.00383505
30.6,0.29177,0.00383307
30.8,0.284569,0.00382675
31,0.282051,0.00380403
31.2,0.280375,0.00379904
31.4,0.276262,0.0037982
31.6,0.277482,0.0038035
31.8,0.277332,0.00380646
32,0.277518,0.00380856
32.2,0.278738,0.00382425
32.4,0.280615,0.00384727
32.6,0.280962,0.00385613
32.8,0.280635,0.00387357
33,0.274504,0.00387225
33.2,0.274861,0.00388501
33.4,0.273795,0.00389953
33.6,0.275351,0.00391226
33.8,0.27375,0.00393103
34,0.272098,0.00395041
34.2,0.273156,0.00397293
34.4,0.271431,0.00400112
34.6,0.26983,0.00402712
34.8,0.268562,0.00405104
35,0.26456,0.00406745
35.2,0.261978,0.00408676
35.4,0.259798,0.00410221
35.6,0.255918,0.00411407
35.8,0.256005,0.0041317
36,0.252675,0.00413906
36.2,0.250367,0.00415496
36.4,0.25035,0.00416721
36.6,0.250044,0.00417572
36.8,0.248717,0.00418539
37,0.250081,0.00419472
37.2,0.251186,0.00421584
37.4,0.251422,0.00422237
37.6,0.25176,0.00422419
37.8,0.249341,0.00423002
38,0.245593,0.00423024
38.2,0.246873,0.00422725
38.4,0.244411,0.00421602
38.6,0.242708,0.00419476
38.8,0.244761,0.00419933
39,0.244428,0.00419882
39.2,0.243492,0.00418802
39.4,0.24594,0.00418932
39.6,0.246391,0.00418703
39.8,0.247743,0.00418825
40,0.246352,0.00418902
40.2,0.241352,0.00416656
40.4,0.237611,0.00415479
40.6,0.233645,0.00413738
40.8,0.232131,0.00412772
41,0.229405,0.00412042
41.2,0.22533,0.0041122
41.4,0.222331,0.00409786
41.6,0.222861,0.00410913
41.8,0.224992,0.00411054
42,0.222587,0.00411617
42.2,0.21687,0.00410115
42.4,0.210905,0.00408634
42.6,0.208321,0.00407666
42.8,0.207394,0.00408648
43,0.203249,0.00408904
43.2,0.198083,0.00408266
43.4,0.198181,0.00408843
43.6,0.200059,0.00410471
43.8,0.202573,0.00413909
44,0.203036,0.00415702
44.2,0.201923,0.00416565
44.4,0.200095,0.00415971
44.6,0.199246,0.00417166
44.8,0.201001,0.00419606
45,0.200902,0.00420278
45.2,0.198939,0.00420107
45.4,0.200157,0.0042238
45.6,0.200757,0.00423743
45.8,0.201727,0.00424929
46,0.204221,0.00426759
46.2,0.204818,0.00428251
46.4,0.206382,0.00431877
46.6,0.210891,0.00435369
46.8,0.208201,0.00436547
47,0.208694,0.00438458
47.2,0.211585,0.00441523
47.4,0.209911,0.00444256
47.6,0.211042,0.00445108
47.8,0.212474,0.0044634
48,0.212579,0.00448174
48.2,0.21753,0.00451167
48.4,0.221069,0.00455153
48.6,0.220506,0.00456088
48.8,0.227887,0.00459723
49,0.228036,0.00462728
49.2,0.230021,0.00466971
49.4,0.235128,0.00470404
49.6,0.23999,0.00475968
49.8,0.24178,0.00478856
50,0.250458,0.00485614
50.2,0.2549,0.00489612
50.4,0.262773,0.00496874
50.6,0.268751,0.00501381
50.8,0.269815,0.00505687
51,0.269034,0.00507239
51.2,0.274153,0.00512139
51.4,0.275782,0.00515806
51.6,0.274672,0.00519436
51.8,0.274916,0.00519346
52,0.274161,0.00520166
52.2,0.274368,0.00520686
52.4,0.275347,0.00523211
52.6,0.270033,0.00522052
52.8,0.264851,0.00521916
53,0.258595,0.00520487
53.2,0.257181,0.00522712
53.4,0.255268,0.0052504
53.6,0.252773,0.00525684
53.8,0.248065,0.00524549
54,0.249049,0.00526874
54.2,0.240753,0.00524035
54.4,0.236331,0.00523207
54.6,0.225068,0.00518179
54.8,0.20913,0.00509852
55,0.197421,0.0050552
55.2,0.191023,0.00503134
55.4,0.180822,0.0049846
55.6,0.178651,0.00496586
55.8,0.172355,0.00493904
56,0.168193,0.00492951
56.2,0.166653,0.00495698
56.4,0.164289,0.00497267
56.6,0.159812,0.0049742
56.8,0.155804,0.0049571
57,0.153143,0.00494621
57.2,0.150805,0.00495139
57.4,0.150368,0.00497786
57.6,0.150568,0.00499225
57.8,0.151641,0.00500245
58,0.151053,0.00499502
58.2,0.150511,0.00501527
58.4,0.151007,0.00506437
58.6,0.150913,0.00507768
58.8,0.149779,0.00509542
59,0.150797,0.00510566
59.2,0.152579,0.00515577
59.4,0.151719,0.00517509
59.6,0.154389,0.00520971
59.8,0.152086,0.00523192
60,0.158614,0.00529017
60.2,0.163207,0.00532886
60.4,0.160315,0.00535953
60.6,0.16132,0.00536129
60.8,0.165739,0.00543229
61,0.168332,0.00547716
61.2,0.17534,0.00550831
61.4,0.179272,0.00555063
61.6,0.181284,0.00559762
61.8,0.188009,0.00564071
62,0.192756,0.0056935
62.2,0.198586,0.00573029
62.4,0.198843,0.00573621
62.6,0.201721,0.00578834
62.8,0.199014,0.00578575
63,0.203192,0.00583894
63.2,0.209582,0.00589944
63.4,0.213857,0.00594854
63.6,0.216302,0.0059963
63.8,0.221999,0.00605798
64,0.222111,0.00606277
64.2,0.226767,0.00612601
64.4,0.228619,0.0061088
64.6,0.228664,0.00611715
64.8,0.226678,0.00612001
65,0.225585,0.00610871
65.2,0.228225,0.00615395
65.4,0.232649,0.00621018
65.6,0.229613,0.00621515
65.8,0.228065,0.00625028
66,0.225722,0.00626675
66.2,0.223706,0.0062949
66.4,0.228289,0.00638378
66.6,0.228864,0.00640494
66.8,0.223684,0.00642625
67,0.228839,0.00650233
67.2,0.229937,0.00654521
67.4,0.236503,0.00661376
67.6,0.245009,0.00671219
67.8,0.243409,0.0067174
68,0.240564,0.00673758
68.2,0.244791,0.00678633
68.4,0.247281,0.00679959
68.6,0.246727,0.00683275
68.8,0.241081,0.0068122
69,0.235934,0.00676275
69.2,0.230685,0.00674351
69.4,0.234096,0.00678481
69.6,0.236072,0.00681557
69.8,0.233999,0.0068216
70,0.237106,0.00687023
70.2,0.238352,0.00691183
70.4,0.238914,0.0069735
70.6,0.241731,0.00702211
70.8,0.240522,0.00706232
71,0.233071,0.00706076
71.2,0.226666,0.00704626
71.4,0.22327,0.00699712
71.6,0.221847,0.00697386
71.8,0.219852,0.00693898
72,0.214799,0.00690415
72.2,0.207448,0.00682772
72.4,0.2098,0.00683293
72.6,0.206885,0.00685193
72.8,0.201958,0.00686378
73,0.198243,0.00689059
73.2,0.190953,0.00686209
73.4,0.189306,0.00690919
73.6,0.190524,0.00697704
73.8,0.190286,0.00698074
74,0.19063,0.00700414
74.2,0.184711,0.00701325
74.4,0.188538,0.00704844
74.6,0.189361,0.00708485
74.8,0.191676,0.00712048
75,0.194121,0.00715494
75.2,0.196638,0.00721898
75.4,0.198444,0.00723033
75.6,0.20794,0.00723332
75.8,0.208005,0.00729225
76,0.20839,0.00734944
76.2,0.209553,0.00736696
76.4,0.210832,0.00739958
76.6,0.20865,0.00743592
76.8,0.209598,0.00749296
77,0.208088,0.00759201
77.2,0.208675,0.00758563
77.4,0.2165,0.00762002
77.6,0.217663,0.00767984
77.8,0.211505,0.00765944
78,0.213625,0.00765371
78.2,0.212308,0.00762939
78.4,0.215426,0.00761817
78.6,0.209334,0.00765832
78.8,0.199921,0.00763046
79,0.192904,0.00756782
79.2,0.18882,0.0075753
79.4,0.180412,0.00754011
79.6,0.180237,0.00756384
79.8,0.171898,0.00753242
80,0.171172,0.00747775
80.2,0.16812,0.00749381
80.4,0.16731,0.00749445
80.6,0.170667,0.00747425
80.8,0.165901,0.00747433
81,0.162626,0.00751463
81.2,0.159468,0.00751921
81.4,0.155134,0.00750288
81.6,0.153645,0.00743977
81.8,0.146549,0.00743522
82,0.140432,0.00744065
82.2,0.140309,0.0074069
82.4,0.135555,0.00729354
82.6,0.132115,0.00730143
82.8,0.128088,0.00737107
83,0.128073,0.007455
83.2,0.13275,0.0074824
83.4,0.135261,0.00749881
83.6,0.133257,0.0075395
83.8,0.134614,0.00760488
84,0.138515,0.00761714
84.2,0.143701,0.00766888
84.4,0.145492,0.00771836
84.6,0.142827,0.00778097
84.8,0.13409,0.00782888
85,0.135541,0.00787638
85.2,0.134466,0.00792722
85.4,0.13114,0.00800637
85.6,0.128011,0.00801281
85.8,0.125988,0.00807704
86,0.127777,0.00804772
86.2,0.130018,0.00799775
86.4,0.129454,0.00802085
86.6,0.128266,0.00804649
86.8,0.132173,0.00809957
87,0.132596,0.00812518
87.2,0.135909,0.00810126
87.4,0.131717,0.00814485
87.6,0.133542,0.00819819
87.8,0.139052,0.00829139
88,0.136415,0.00834722
88.2,0.141208,0.00835313
88.4,0.140363,0.00838007
88.6,0.132881,0.00840217
88.8,0.13634,0.00847086
89,0.135172,0.00852355
89.2,0.1229,0.0083881
89.4,0.124892,0.00834848
89.6,0.119485,0.00833946
89.8,0.120345,0.00833343
90,0.122469,0.00835473
90.2,0.119714,0.00829825
90.4,0.127737,0.0084464
90.6,0.13676,0.00859615
90.8,0.137142,0.00866844
91,0.136789,0.00870367
91.2,0.136244,0.00874999
91.4,0.135405,0.00875102
91.6,0.141614,0.00883474
91.8,0.137775,0.00879485
92,0.136276,0.00881832
92.2,0.131679,0.00878387
92.4,0.127379,0.00872323
92.6,0.129334,0.0087045
92.8,0.132813,0.00874343
93,0.130713,0.00879513
93.2,0.129899,0.00874896
93.4,0.129344,0.00871741
93.6,0.136529,0.00877055
93.8,0.139185,0.0089128
94,0.137705,0.00898436
94.2,0.137233,0.00905221
94.4,0.133442,0.0090906
94.6,0.128431,0.00912578
94.8,0.129944,0.00925064
95,0.126494,0.00934841
95.2,0.124507,0.00930336
95.4,0.117834,0.00929934
95.6,0.113221,0.00928454
95.8,0.113768,0.00928128
96,0.115614,0.00939621
96.2,0.112772,0.00939958
96.4,0.118401,0.00940478
96.6,0.121747,0.00950837
96.8,0.130558,0.00955427
97,0.130792,0.00958434
97.2,0.135658,0.00959338
97.4,0.132366,0.00946153
97.6,0.134485,0.00943914
97.8,0.13165,0.00946469
98,0.125087,0.00951412
98.2,0.12803,0.00964612
98.4,0.129695,0.00968116
98.6,0.127246,0.00971885
98.8,0.133095,0.00987708
99,0.13177,0.00988631
99.2,0.130799,0.00990013
99.4,0.136313,0.00989666
99.6,0.13451,0.00987087
99.8,0.140821,0.00995464
100,0.134576,0.00999464
100.2,0.132331,0.0099757
100.4,0.129867,0.0100846
100.6,0.130062,0.0101585
100.8,0.127604,0.0101697
101,0.12443,0.0102327
101.2,0.117475,0.0102947
101.4,0.121412,0.0103225
101.6,0.139625,0.0105654
101.8,0.146712,0.0106223
102,0.14897,0.0106567
102.2,0.145544,0.0107555
102.4,0.149011,0.0107902
102.6,0.149325,0.0106982
102.8,0.150328,0.0106769
103,0.136472,0.0104856
103.2,0.132261,0.0105007
103.4,0.130358,0.0105879
103.6,0.131314,0.0105833
103.8,0.123563,0.0105355
104,0.129745,0.0107529
104.2,0.131389,0.0108802
104.4,0.128153,0.0110112
104.6,0.129052,0.0110149
104.8,0.132707,0.0110997
105,0.140952,0.0111947
105.2,0.146961,0.0112914
105.4,0.13885,0.0112704
105.6,0.137927,0.011374
105.8,0.140446,0.0114596
106,0.148039,0.0116607
106.2,0.142274,0.0116274
106.4,0.152029,0.0117547
106.6,0.160297,0.0118717
106.8,0.17435,0.01196
107,0.176561,0.0119697
107.2,0.175633,0.011957
107.4,0.171915,0.0117987
107.6,0.177793,0.0118987
107.8,0.168734,0.0118988
108,0.163527,0.0118694
108.2,0.163405,0.0118899
108.4,0.175642,0.0119901
108.6,0.177182,0.0120047
108.8,0.186923,0.0122298
109,0.192356,0.0122345
109.2,0.193661,0.0123257
109.4,0.192033,0.0124601
109.6,0.186123,0.0124904
109.8,0.175539,0.0125647
110,0.181002,0.012717
110.2,0.167192,0.0126645
110.4,0.15562,0.012713
110.6,0.154504,0.0127029
110.8,0.158144,0.0128103
111,0.157865,0.0129919
111.2,0.164997,0.013066
111.4,0.167411,0.0130961
111.6,0.165027,0.01307
111.8,0.176942,0.0131671
112,0.178301,0.0132667
112.2,0.174089,0.0132635
112.4,0.179644,0.0133279
112.6,0.177807,0.0133382
112.8,0.172387,0.0133233
113,0.183534,0.0134017
113.2,0.185903,0.0134116
113.4,0.189642,0.0133845
113.6,0.201865,0.0135301
113.8,0.203893,0.013493
114,0.202791,0.0135122
114.2,0.208037,0.0137025
114.4,0.212632,0.0139232
114.6,0.206912,0.0139829
114.8,0.204837,0.0140122
115,0.196917,0.0139582
115.2,0.193124,0.0140535
115.4,0.191276,0.0141015
115.6,0.200069,0.0140655
115.8,0.203559,0.0139647
116,0.203972,0.0140825
116.2,0.208144,0.0142029
116.4,0.202436,0.0141368
116.6,0.20553,0.0141876
116.8,0.211089,0.0142892
117,0.204559,0.0144326
117.2,0.193091,0.0146257
117.4,0.198542,0.014615
117.6,0.203157,0.014754
117.8,0.208199,0.014929
118,0.203746,0.014971
118.2,0.194629,0.0149457
118.4,0.192202,0.0149252
118.6,0.205728,0.0150421
118.8,0.206648,0.0152207
119,0.191581,0.0150839
119.2,0.20093,0.0151211
119.4,0.216459,0.0153554
119.6,0.2263,0.015606
119.8,0.241207,0.0157794
120,0.229094,0.0156327
120.2,0.226638,0.0156047
120.4,0.236013,0.0157815
120.6,0.224932,0.0158092
120.8,0.201513,0.0155562
121,0.195681,0.0154463
121.2,0.18378,0.0154211
121.4,0.173816,0.0156421
121.6,0.169827,0.0156603
121.8,0.168034,0.015552
122,0.164056,0.01546
122.2,0.169367,0.0154199
122.4,0.170872,0.0154073
122.6,0.178031,0.0154991
122.8,0.190106,0.0155629
123,0.195234,0.0157863
123.2,0.201085,0.0160919
123.4,0.217128,0.0163687
123.6,0.234413,0.0166504
123.8,0.239841,0.0167672
124,0.230473,0.0166128
124.2,0.235339,0.0164773
124.4,0.224398,0.0162882
124.6,0.216678,0.0161477
124.8,0.207309,0.0160306
125,0.195255,0.0161326
125.2,0.196411,0.0161965
125.4,0.185259,0.0163279
125.6,0.170846,0.0164484
125.8,0.178437,0.0166952
126,0.176307,0.0168346
126.2,0.183343,0.0168945
126.4,0.179494,0.0169394
126.6,0.168455,0.0169934
126.8,0.178636,0.0172008
127,0.194989,0.0173136
127.2,0.18714,0.0171731
127.4,0.186451,0.0171604
127.6,0.176941,0.017157
127.8,0.180459,0.0169513
128,0.19246,0.0169362
128.2,0.185389,0.0167865
128.4,0.167197,0.016697
128.6,0.179311,0.0167003
128.8,0.183981,0.0166304
129,0.191954,0.0168542
129.2,0.196107,0.0171555
129.4,0.185748,0.0170153
129.6,0.183255,0.0169392
129.8,0.189641,0.0169577
130,0.177203,0.0170011
130.2,0.170136,0.0170159
130.4,0.159231,0.0169308
130.6,0.143281,0.0166999
130.8,0.134202,0.0167407
131,0.133305,0.0168447
131.2,0.131927,0.0168315
131.4,0.131517,0.0168176
131.6,0.128064,0.0168726
131.8,0.129764,0.0169869
132,0.132954,0.0170824
132.2,0.151065,0.0172382
132.4,0.161868,0.0172472
132.6,0.15675,0.0172965
132.8,0.156847,0.0173108
133,0.163733,0.0174012
133.2,0.17364,0.0173722
133.4,0.174315,0.0173819
133.6,0.156156,0.0172704
133.8,0.153058,0.0173978
134,0.162315,0.0176982
134.2,0.15955,0.0179129
134.4,0.160256,0.0179524
134.6,0.155488,0.0178589
134.8,0.159501,0.017838
135,0.156897,0.0178973
135.2,0.151834,0.0178102
135.4,0.158468,0.0176671
135.6,0.166593,0.0177372
135.8,0.161281,0.0177583
136,0.144194,0.0177638
136.2,0.141062,0.0177492
136.4,0.153832,0.0178549
136.6,0.156371,0.0179629
136.8,0.150767,0.0179072
137,0.151687,0.0178231
137.2,0.161951,0.0178209
137.4,0.177994,0.0180936
137.6,0.189481,0.0184065
137.8,0.19218,0.018581
138,0.193673,0.0187112
138.2,0.189292,0.0189419
138.4,0.185863,0.0188219
138.6,0.169385,0.0186362
138.8,0.166561,0.0186606
139,0.160231,0.018737
139.2,0.159624,0.0185766
139.4,0.167169,0.0185136
139.6,0.173783,0.0184738
139.8,0.17885,0.0188203
140,0.188058,0.0189538
140.2,0.195661,0.0188061
140.4,0.197418,0.018643
140.6,0.20037,0.0189112
140.8,0.19571,0.0191025
141,0.198414,0.0191901
141.2,0.197553,0.0190418
141.4,0.198871,0.0192706
141.6,0.195627,0.0196837
141.8,0.192456,0.0198268
142,0.168415,0.019672
142.2,0.16642,0.0195701
142.4,0.157232,0.0194714
142.6,0.148019,0.0193606
142.8,0.147087,0.0195665
143,0.140358,0.0193095
143.2,0.141641,0.0194529
143.4,0.149346,0.0194303
143.6,0.140319,0.0194121
143.8,0.130319,0.0194509
144,0.133796,0.0197027
144.2,0.130224,0.0195069
144.4,0.130615,0.0194934
144.6,0.123682,0.0195298
144.8,0.126391,0.0196525
145,0.124318,0.0194984
145.2,0.130468,0.0195476
145.4,0.13252,0.01948
145.6,0.131146,0.0195927
145.8,0.132619,0.0195903
146,0.137341,0.0195804
146.2,0.134596,0.0197914
146.4,0.134457,0.0200196
146.6,0.132596,0.0203103
146.8,0.13358,0.020723
147,0.133977,0.0206786
147.2,0.132831,0.0208622
147.4,0.140342,0.0208618
147.6,0.147654,0.0207963
147.8,0.163511,0.0211359
148,0.165142,0.0210012
148.2,0.161688,0.0208948
148.4,0.159913,0.0208847
148.6,0.1612,0.0210146
148.8,0.13697,0.02074
149,0.127853,0.0207906
149.2,0.122361,0.0208369
149.4,0.115387,0.0205977
149.6,0.110738,0.0207509
149.8,0.107344,0.0209419
150,0.0844045,0.0205111
150.2,0.0970091,0.0206127
150.4,0.102313,0.0206425
150.6,0.106028,0.0203756
150.8,0.120574,0.0207564
151,0.124189,0.020394
151.2,0.127654,0.0204336
151.4,0.144494,0.0208993
151.6,0.136665,0.021118
151.8,0.131414,0.0214093
152,0.122141,0.0216995
152.2,0.105557,0.0214682
152.4,0.106317,0.0216044
152.6,0.127839,0.0214466
152.8,0.145872,0.0215622
153,0.160968,0.0219338
153.2,0.174623,0.0218986
153.4,0.176678,0.0219932
153.6,0.176753,0.0221738
153.8,0.16452,0.0220351
154,0.143556,0.0219789
154.2,0.12871,0.0215801
154.4,0.124178,0.021241
154.6,0.11111,0.0211786
154.8,0.102452,0.0209568
155,0.109699,0.021421
155.2,0.123481,0.0219844
155.4,0.119255,0.0222154
155.6,0.12268,0.0227814
155.8,0.119509,0.022681
156,0.111303,0.0224293
156.2,0.112474,0.0224266
156.4,0.104813,0.0219905
156.6,0.0922144,0.021787
156.8,0.0928329,0.0216228
157,0.0825025,0.0208775
157.2,0.0661614,0.0207862
157.4,0.0819796,0.0210266
157.6,0.0876573,0.0208934
157.8,0.102419,0.0207415
158,0.106395,0.0208038
158.2,0.106332,0.0211923
158.4,0.117657,0.0217428
158.6,0.157968,0.0227688
158.8,0.159824,0.0230926
159,0.168694,0.0234765
159.2,0.156422,0.0236931
159.4,0.175942,0.0238912
159.6,0.178591,0.0237993
159.8,0.166299,0.0238584
160,0.141234,0.0230399
160.2,0.140887,0.0228974
160.4,0.139426,0.0229614
160.6,0.144402,0.0231316
160.8,0.125006,0.0228443
161,0.108019,0.0229077
161.2,0.0936822,0.023079
161.4,0.0880795,0.0237248
161.6,0.0689094,0.0235792
161.8,0.0434837,0.023239
162,0.0353897,0.0233813
162.2,0.0364636,0.0235641
162.4,0.0441469,0.0233898
162.6,0.0635275,0.0230424
162.8,0.0646994,0.0225494
163,0.0715859,0.0226015
163.2,0.0791447,0.02276
163.4,0.0855446,0.0229101
163.6,0.0876518,0.0233813
163.8,0.105196,0.0231102
164,0.118984,0.0232964
164.2,0.129637,0.0235781
164.4,0.139439,0.0238008
164.6,0.142525,0.024144
164.8,0.144122,0.0239861
165,0.151094,0.0239892
165.2,0.137635,0.0249536
165.4,0.119694,0.0252498
165.6,0.113336,0.0252656
165.8,0.102114,0.0249472
166,0.10283,0.0244567
166.2,0.104735,0.0242135
166.4,0.102541,0.023843
166.6,0.104645,0.0232022
166.8,0.103978,0.0231645
167,0.098793,0.0229744
167.2,0.101193,0.0231791
167.4,0.103558,0.0234926
167.6,0.109922,0.0238369
167.8,0.113362,0.0241509
168,0.112827,0.0244379
168.2,0.114566,0.0243734
168.4,0.109224,0.0244921
168.6,0.107123,0.0243998
168.8,0.112081,0.0244063
169,0.102697,0.0242832
169.2,0.0874964,0.0236657
169.4,0.0944661,0.0237638
169.6,0.100227,0.0239212
169.8,0.116898,0.0241261
170,0.125788,0.0247692
170.2,0.131098,0.0254854
170.4,0.129881,0.0256188
170.6,0.138353,0.0262251
170.8,0.133509,0.0266127
171,0.115121,0.0263217
171.2,0.11037,0.0262065
171.4,0.091955,0.0259794
171.6,0.0843113,0.0253953
171.8,0.0920393,0.0255858
172,0.092702,0.0250346
172.2,0.0992635,0.0246981
172.4,0.112595,0.0249712
172.6,0.099283,0.0247265
172.8,0.113406,0.0246585
173,0.119009,0.0248945
173.2,0.100796,0.0247899
173.4,0.091973,0.0253038
173.6,0.0931037,0.0254127
173.8,0.0989921,0.0255404
174,0.110361,0.0261477
174.2,0.115018,0.0263361
174.4,0.115937,0.0261748
174.6,0.133939,0.026387
174.8,0.13581,0.0265839
175,0.136301,0.0269831
175.2,0.124196,0.0267352
175.4,0.121334,0.0266225
175.6,0.123975,0.0265595
175.8,0.1115,0.0265556
176,0.103766,0.0266404
176.2,0.103475,0.026581
176.4,0.0948624,0.0260386
176.6,0.0962111,0.0260525
176.8,0.0844346,0.0259239
177,0.0772342,0.0256455
177.2,0.086858,0.0258732
177.4,0.0881129,0.0260409
177.6,0.0845819,0.0261454
177.8,0.0768381,0.0262702
178,0.0808637,0.0265952
178.2,0.10037,0.0268864
178.4,0.10145,0.0274005
178.6,0.100901,0.0274617
178.8,0.111016,0.0272678
179,0.125441,0.0271087
179.2,0.134827,0.0273499
179.4,0.138261,0.0290819
179.6,0.136244,0.0316435
179.8,0.143196,0.0350412
179.95,0.143327,0.0399609
