# X , Y , E Distribution=true
0
0.8,0.0217447,0.000299561
1,0.0268189,0.000321928
1.2,0.031225,0.000339664
1.4,0.0353803,0.000355581
1.6,0.0382594,0.000375758
1.8,0.0417251,0.000397188
2,0.045063,0.000422791
2.2,0.0481257,0.000447133
2.4,0.0513268,0.000475206
2.6,0.0554884,0.000507316
2.8,0.0605871,0.000539816
3,0.0654134,0.000570237
3.2,0.0704631,0.000601549
3.4,0.0758678,0.00063308
3.6,0.0807266,0.000664124
3.8,0.0858608,0.000695411
4,0.0909235,0.000725168
4.2,0.0952902,0.000754913
4.4,0.100103,0.000783782
4.6,0.104709,0.000810767
4.8,0.109237,0.000837627
5,0.114265,0.000866123
5.2,0.118954,0.000893526
5.4,0.124112,0.0009224
5.6,0.129996,0.000952437
5.8,0.135333,0.00098577
6,0.141804,0.00102153
6.2,0.148553,0.00105656
6.4,0.154701,0.00108961
6.6,0.161162,0.00112444
6.8,0.167567,0.00115842
7,0.1729,0.00118942
7.2,0.178125,0.00121615
7.4,0.183621,0.00124307
7.6,0.188084,0.00126909
7.8,0.193037,0.00129571
8,0.196901,0.00132043
8.2,0.199848,0.00134498
8.4,0.20312,0.00137208
8.6,0.206697,0.00139878
8.8,0.208773,0.00142581
9,0.210208,0.00145301
9.2,0.212922,0.00148111
9.4,0.215027,0.00150929
9.6,0.218258,0.00154269
9.8,0.220763,0.00157263
10,0.225664,0.00160954
10.2,0.230034,0.00164526
10.4,0.235943,0.00168653
10.6,0.243263,0.00173315
10.8,0.252099,0.00178485
11,0.261188,0.00183714
11.2,0.27141,0.00189248
11.4,0.278745,0.00194182
11.6,0.287347,0.00198992
11.8,0.292645,0.00202721
12,0.294446,0.00205702
12.2,0.294462,0.00207945
12.4,0.292961,0.00209683
12.6,0.288372,0.00210725
12.8,0.285203,0.00212221
13,0.279782,0.00213279
13.2,0.276698,0.00215573
13.4,0.273439,0.00217647
13.6,0.272194,0.00220302
13.8,0.271751,0.0022313
14,0.274116,0.00226972
14.2,0.274024,0.00230398
14.4,0.275998,0.00234538
14.6,0.28114,0.00238523
14.8,0.285144,0.0024264
15,0.287863,0.00246899
15.2,0.29064,0.00251242
15.4,0.290805,0.00254475
15.6,0.291963,0.00257906
15.8,0.293487,0.00261472
16,0.2915,0.00264538
16.2,0.290577,0.00268163
16.4,0.289783,0.00271779
16.6,0.290037,0.00275559
16.8,0.292152,0.00280549
17,0.294878,0.0028564
17.2,0.295116,0.0029029
17.4,0.297775,0.00296184
17.6,0.300456,0.00302141
17.8,0.301585,0.00307758
18,0.301197,0.00313346
18.2,0.303939,0.00319116
18.4,0.305452,0.00325464
18.6,0.3053,0.00332294
18.8,0.303612,0.00338042
19,0.301468,0.00344598
19.2,0.303589,0.00352087
19.4,0.302958,0.00357973
19.6,0.300801,0.00364185
19.8,0.298919,0.00369132
20,0.301935,0.00373663
20.2,0.302746,0.00377782
20.4,0.306013,0.00381211
20.6,0.305277,0.00382887
20.8,0.30518,0.00385085
21,0.303805,0.00387271
21.2,0.302534,0.00389685
21.4,0.301711,0.00391916
21.6,0.301995,0.00394851
21.8,0.300076,0.00397581
22,0.299957,0.00400468
22.2,0.302569,0.00404071
22.4,0.306452,0.00407269
22.6,0.309487,0.00410285
22.8,0.310339,0.00412966
23,0.309338,0.00414948
23.2,0.311401,0.00416761
23.4,0.31134,0.00419247
23.6,0.310891,0.00421557
23.8,0.309222,0.00422992
24,0.309545,0.00424993
24.2,0.31125,0.0042804
24.4,0.315239,0.00430279
24.6,0.316582,0.00432519
24.8,0.317166,0.00433901
25,0.320644,0.00435965
25.2,0.322988,0.00439307
25.4,0.327186,0.00442637
25.6,0.332186,0.00445208
25.8,0.332416,0.00448704
26,0.337096,0.00452464
26.2,0.346372,0.00458809
26.4,0.347889,0.00464331
26.6,0.352319,0.00469387
26.8,0.354442,0.00475005
27,0.352999,0.00480619
27.2,0.358907,0.00487405
27.4,0.361777,0.00494237
27.6,0.357991,0.00498218
27.8,0.359463,0.00502277
28,0.363862,0.0050582
28.2,0.364444,0.00508963
28.4,0.36408,0.00511642
28.6,0.361568,0.00512002
28.8,0.355272,0.00510556
29,0.358198,0.00510049
29.2,0.358763,0.0050883
29.4,0.355701,0.00506526
29.6,0.35261,0.00504246
29.8,0.356325,0.00503065
30,0.356199,0.0050111
30.2,0.362479,0.00501786
30.4,0.35685,0.00501129
30.6,0.353577,0.005002
30.8,0.349723,0.0050084
31,0.354149,0.0049995
31.2,0.350818,0.00499062
31.4,0.348486,0.00498799
31.6,0.344144,0.00496947
31.8,0.344938,0.00496842
32,0.34526,0.00497363
32.2,0.344054,0.00498196
32.4,0.339949,0.00498992
32.6,0.338049,0.00499413
32.8,0.334556,0.0050105
33,0.330189,0.00501939
33.2,0.328353,0.00503003
33.4,0.328014,0.00505229
33.6,0.327678,0.00506081
33.8,0.326492,0.00507538
34,0.32377,0.00509107
34.2,0.326507,0.00511432
34.4,0.32667,0.00515051
34.6,0.328549,0.00519319
34.8,0.326534,0.00521786
35,0.325474,0.00525525
35.2,0.320938,0.00528502
35.4,0.320057,0.00531827
35.6,0.315495,0.00535107
35.8,0.312594,0.0053723
36,0.310263,0.00538289
36.2,0.307845,0.00540031
36.4,0.309653,0.00541942
36.6,0.311946,0.00544552
36.8,0.310099,0.00545684
37,0.308345,0.00545742
37.2,0.306331,0.00547598
37.4,0.305849,0.00550086
37.6,0.306804,0.00552029
37.8,0.303086,0.00553256
38,0.300548,0.00554048
38.2,0.302372,0.00554499
38.4,0.305148,0.00555308
38.6,0.307957,0.00554815
38.8,0.307211,0.005533
39,0.306681,0.00552719
39.2,0.306944,0.00552716
39.4,0.307497,0.00552957
39.6,0.308324,0.00553287
39.8,0.308299,0.00553856
40,0.307235,0.00554487
40.2,0.305747,0.0055492
40.4,0.302721,0.00555765
40.6,0.298905,0.00553961
40.8,0.297296,0.00553432
41,0.290449,0.00552506
41.2,0.287455,0.00552913
41.4,0.284274,0.00552376
41.6,0.280328,0.00552347
41.8,0.2792,0.00550305
42,0.274297,0.00550499
42.2,0.268491,0.00549486
42.4,0.267636,0.00550852
42.6,0.261226,0.0054745
42.8,0.255103,0.00546866
43,0.251095,0.00548005
43.2,0.251233,0.00550854
43.4,0.249271,0.00550932
43.6,0.24915,0.0055254
43.8,0.247483,0.00554094
44,0.250596,0.00558875
44.2,0.251451,0.0056103
44.4,0.250431,0.00560182
44.6,0.246087,0.00560724
44.8,0.245114,0.00561721
45,0.246881,0.00563219
45.2,0.245702,0.0056416
45.4,0.241172,0.00563457
45.6,0.245018,0.00566353
45.8,0.246668,0.0056926
46,0.252639,0.00573925
46.2,0.255336,0.0057881
46.4,0.256234,0.00582575
46.6,0.25938,0.00585594
46.8,0.263023,0.00590719
47,0.264598,0.00594142
47.2,0.265345,0.00596057
47.4,0.261841,0.00598254
47.6,0.267892,0.00601129
47.8,0.267352,0.0060292
48,0.265448,0.00604234
48.2,0.264324,0.00604897
48.4,0.263491,0.00607873
48.6,0.267787,0.00612851
48.8,0.274775,0.00616763
49,0.271977,0.00619831
49.2,0.273307,0.00623894
49.4,0.281466,0.00631773
49.6,0.292223,0.00640985
49.8,0.297454,0.00646986
50,0.305005,0.00655232
50.2,0.303816,0.00657309
50.4,0.308893,0.00664722
50.6,0.317641,0.0067309
50.8,0.319142,0.00678211
51,0.319832,0.00681972
51.2,0.32471,0.00687122
51.4,0.319902,0.00686663
51.6,0.318135,0.0069151
51.8,0.31753,0.00691261
52,0.314187,0.00690363
52.2,0.312496,0.00689994
52.4,0.31001,0.00692712
52.6,0.299776,0.00689664
52.8,0.2931,0.00691074
53,0.292516,0.00693305
53.2,0.285334,0.00691669
53.4,0.277027,0.00691618
53.6,0.272594,0.00689399
53.8,0.266855,0.00686761
54,0.268117,0.00690995
54.2,0.267935,0.00693405
54.4,0.257896,0.00690528
54.6,0.254084,0.00691173
54.8,0.250781,0.00688514
55,0.240725,0.0068863
55.2,0.227925,0.0068196
55.4,0.216195,0.0067314
55.6,0.209883,0.00666793
55.8,0.207477,0.00665489
56,0.202549,0.0066309
56.2,0.190505,0.00659906
56.4,0.186962,0.00660316
56.6,0.182841,0.00661615
56.8,0.180786,0.00661983
57,0.177476,0.00660563
57.2,0.174734,0.00661908
57.4,0.173908,0.00666217
57.6,0.179056,0.00671706
57.8,0.17825,0.00669045
58,0.181632,0.00669984
58.2,0.18382,0.00674861
58.4,0.184778,0.00681004
58.6,0.181834,0.0068091
58.8,0.178497,0.00681807
59,0.180902,0.00685436
59.2,0.180493,0.00692689
59.4,0.184684,0.0070168
59.6,0.187629,0.00707178
59.8,0.187929,0.00712125
60,0.197444,0.00721648
60.2,0.204285,0.0072668
60.4,0.205923,0.00735045
60.6,0.212057,0.00738178
60.8,0.209536,0.00738758
61,0.203962,0.00738144
61.2,0.210104,0.00742674
61.4,0.208796,0.00742308
61.6,0.209237,0.00749876
61.8,0.213117,0.00749284
62,0.21915,0.00756423
62.2,0.226223,0.00762576
62.4,0.236534,0.00769956
62.6,0.232803,0.00771064
62.8,0.236583,0.00774988
63,0.237482,0.00777654
63.2,0.229109,0.00776492
63.4,0.226654,0.00775312
63.6,0.228441,0.0077897
63.8,0.23267,0.00787218
64,0.243212,0.00794986
64.2,0.246976,0.00802925
64.4,0.254139,0.00803713
64.6,0.265937,0.0081482
64.8,0.272799,0.00824382
65,0.272742,0.00823632
65.2,0.270393,0.00821141
65.4,0.264169,0.00818266
65.6,0.25921,0.00819039
65.8,0.258274,0.00825604
66,0.255119,0.00826019
66.2,0.247453,0.00824393
66.4,0.248318,0.00834973
66.6,0.24713,0.00841373
66.8,0.249439,0.00853469
67,0.256734,0.00860993
67.2,0.256626,0.00862767
67.4,0.25916,0.00868743
67.6,0.262639,0.00875297
67.8,0.260632,0.00875668
68,0.26439,0.00884171
68.2,0.270839,0.00892877
68.4,0.266686,0.00892469
68.6,0.264545,0.00898575
68.8,0.263826,0.00900666
69,0.263703,0.00904846
69.2,0.270536,0.00914078
69.4,0.275488,0.00921556
69.6,0.269939,0.00919072
69.8,0.271906,0.00923397
70,0.27063,0.00923253
70.2,0.272985,0.00927408
70.4,0.277878,0.00940594
70.6,0.27305,0.00938408
70.8,0.261586,0.00933005
71,0.254609,0.00932807
71.2,0.246705,0.00927093
71.4,0.25274,0.00930767
71.6,0.252129,0.00927268
71.8,0.24942,0.00919024
72,0.249427,0.00919265
72.2,0.251098,0.00920471
72.4,0.248825,0.00918192
72.6,0.247728,0.00929312
72.8,0.238098,0.00928137
73,0.233561,0.00930062
73.2,0.225671,0.00925711
73.4,0.219108,0.00926022
73.6,0.215438,0.00926252
73.8,0.223324,0.00935827
74,0.217653,0.00932375
74.2,0.214803,0.00938714
74.4,0.213436,0.00943811
74.6,0.212934,0.00948184
74.8,0.211951,0.00951572
75,0.209116,0.00953576
75.2,0.202749,0.00950818
75.4,0.214596,0.00959569
75.6,0.218157,0.00949453
75.8,0.223209,0.00960836
76,0.224999,0.00968005
76.2,0.22931,0.00971893
76.4,0.233046,0.00972583
76.6,0.234576,0.00979441
76.8,0.22719,0.00976702
77,0.230959,0.00994916
77.2,0.227668,0.00990204
77.4,0.233544,0.00993097
77.6,0.233755,0.00998171
77.8,0.234134,0.0100706
78,0.232372,0.0100194
78.2,0.239809,0.0101052
78.4,0.236063,0.0100423
78.6,0.235471,0.010162
78.8,0.226276,0.0101145
79,0.221037,0.0100889
79.2,0.213261,0.0100734
79.4,0.213953,0.010146
79.6,0.20641,0.0100864
79.8,0.202147,0.010068
80,0.199807,0.0099743
80.2,0.194157,0.00999226
80.4,0.194326,0.0100118
80.6,0.198882,0.010002
80.8,0.187066,0.00995755
81,0.18194,0.00999122
81.2,0.177468,0.0100096
81.4,0.171479,0.00997701
81.6,0.174116,0.00999024
81.8,0.163533,0.00998697
82,0.155964,0.010015
82.2,0.166153,0.0100894
82.4,0.165602,0.00999341
82.6,0.158043,0.00997624
82.8,0.147626,0.0100313
83,0.146023,0.0101331
83.2,0.149193,0.0100959
83.4,0.149777,0.0100499
83.6,0.145316,0.0100613
83.8,0.144228,0.0101289
84,0.154885,0.0102411
84.2,0.167205,0.0103709
84.4,0.164981,0.0103521
84.6,0.157784,0.0104247
84.8,0.158397,0.0106405
85,0.155354,0.0106947
85.2,0.15625,0.0107693
85.4,0.150227,0.0107862
85.6,0.142363,0.0107476
85.8,0.141465,0.0108246
86,0.15889,0.0109665
86.2,0.158398,0.010868
86.4,0.168598,0.0109388
86.6,0.166862,0.0109657
86.8,0.169868,0.0109928
87,0.178709,0.0111594
87.2,0.180243,0.0110998
87.4,0.171853,0.0111176
87.6,0.172864,0.0111462
87.8,0.16293,0.0110353
88,0.159005,0.0111068
88.2,0.16421,0.0111995
88.4,0.160586,0.0111141
88.6,0.157092,0.0111828
88.8,0.153349,0.0111807
89,0.150815,0.0112244
89.2,0.155781,0.0113696
89.4,0.167198,0.0114297
89.6,0.166692,0.0114617
89.8,0.163068,0.0114799
90,0.165222,0.0115031
90.2,0.171185,0.0115053
90.4,0.169752,0.0115347
90.6,0.159321,0.0114631
90.8,0.146729,0.0113702
91,0.142738,0.0113558
91.2,0.142056,0.0113592
91.4,0.141132,0.0114659
91.6,0.14057,0.0115202
91.8,0.141483,0.0115673
92,0.14262,0.011612
92.2,0.145621,0.0116979
92.4,0.143774,0.0117255
92.6,0.153159,0.0117993
92.8,0.154417,0.0117161
93,0.156157,0.0117945
93.2,0.156564,0.0117237
93.4,0.165346,0.0118688
93.6,0.169349,0.0119127
93.8,0.169115,0.0120187
94,0.158017,0.0120592
94.2,0.157879,0.0121697
94.4,0.149467,0.0121629
94.6,0.14829,0.0123729
94.8,0.141104,0.0123383
95,0.135194,0.0124564
95.2,0.133265,0.0124014
95.4,0.133333,0.0125789
95.6,0.133243,0.0126559
95.8,0.133244,0.0126526
96,0.134184,0.0127284
96.2,0.134997,0.0127125
96.4,0.147128,0.0127844
96.6,0.152789,0.0129086
96.8,0.159818,0.0127729
97,0.156885,0.0127932
97.2,0.158322,0.0127589
97.4,0.15498,0.0126449
97.6,0.158416,0.0127982
97.8,0.150918,0.0128127
98,0.145404,0.0128704
98.2,0.146282,0.0129795
98.4,0.144318,0.0130585
98.6,0.14643,0.013245
98.8,0.14867,0.0134107
99,0.151566,0.0134339
99.2,0.145569,0.0132494
99.4,0.145961,0.0132306
99.6,0.146628,0.0132645
99.8,0.15363,0.0132455
100,0.150917,0.0132923
100.2,0.152166,0.0133232
100.4,0.14396,0.0133857
100.6,0.146646,0.0136146
100.8,0.152764,0.0137696
101,0.141884,0.0137163
101.2,0.133724,0.0139459
101.4,0.138312,0.0140993
101.6,0.141519,0.0140729
101.8,0.143219,0.0140609
102,0.14313,0.0139453
102.2,0.133423,0.0139663
102.4,0.140358,0.0141192
102.6,0.150176,0.0140723
102.8,0.14895,0.0140211
103,0.146678,0.0140564
103.2,0.142401,0.0140143
103.4,0.146021,0.0142587
103.6,0.149457,0.0143009
103.8,0.145883,0.0142674
104,0.144971,0.014409
104.2,0.138948,0.0143351
104.4,0.136845,0.0144401
104.6,0.145957,0.0146746
104.8,0.141166,0.0146472
105,0.139895,0.0145788
105.2,0.142627,0.0147133
105.4,0.14169,0.0148353
105.6,0.144718,0.0150651
105.8,0.14002,0.0150892
106,0.136894,0.0150837
106.2,0.136037,0.0151771
106.4,0.146159,0.0152838
106.6,0.155019,0.0154657
106.8,0.16155,0.0154028
107,0.170524,0.0154761
107.2,0.180713,0.0157186
107.4,0.193276,0.0159694
107.6,0.199562,0.0160215
107.8,0.196595,0.0162045
108,0.189753,0.0160569
108.2,0.18147,0.0159437
108.4,0.187163,0.0160338
108.6,0.18954,0.0161729
108.8,0.185011,0.0161344
109,0.199356,0.0163052
109.2,0.195994,0.0163117
109.4,0.196549,0.0166696
109.6,0.210454,0.0170868
109.8,0.197679,0.0171523
110,0.20015,0.0172832
110.2,0.204507,0.0175263
110.4,0.191168,0.0176462
110.6,0.190259,0.0177307
110.8,0.200052,0.0179485
111,0.200698,0.0180812
111.2,0.218621,0.0182421
111.4,0.223879,0.018248
111.6,0.219738,0.0180784
111.8,0.221489,0.0180513
112,0.228983,0.0183396
112.2,0.215604,0.0180681
112.4,0.203549,0.0179573
112.6,0.196368,0.0180275
112.8,0.191258,0.0180919
113,0.192798,0.0181383
113.2,0.200714,0.0180859
113.4,0.211806,0.0180544
113.6,0.218402,0.0182138
113.8,0.225936,0.0182289
114,0.22439,0.0182419
114.2,0.225023,0.0183644
114.4,0.224438,0.0185061
114.6,0.21796,0.0186595
114.8,0.215943,0.0187262
115,0.224536,0.0189133
115.2,0.221213,0.0191542
115.4,0.222896,0.019227
115.6,0.222238,0.018911
115.8,0.229784,0.0188448
116,0.239444,0.0192397
116.2,0.234939,0.0193305
116.4,0.227125,0.0192322
116.6,0.233091,0.0193235
116.8,0.236139,0.0194941
117,0.23619,0.0198756
117.2,0.232087,0.0203145
117.4,0.23886,0.0202392
117.6,0.242638,0.0204616
117.8,0.250605,0.0208244
118,0.251895,0.0209381
118.2,0.243948,0.0207926
118.4,0.246655,0.0208882
118.6,0.253744,0.0208023
118.8,0.247127,0.0210111
119,0.240978,0.0209587
119.2,0.24357,0.0206346
119.4,0.234342,0.0204291
119.6,0.234786,0.0205596
119.8,0.24351,0.020591
120,0.222916,0.0203675
120.2,0.205511,0.0199996
120.4,0.211389,0.0200601
120.6,0.203593,0.0204161
120.8,0.204716,0.0205681
121,0.20789,0.0207369
121.2,0.20005,0.0208088
121.4,0.204371,0.0213851
121.6,0.220978,0.0218509
121.8,0.219101,0.0217474
122,0.222203,0.0217028
122.2,0.23057,0.0217478
122.4,0.23125,0.0216621
122.6,0.23045,0.0216418
122.8,0.229959,0.0213954
123,0.208591,0.0211665
123.2,0.192877,0.0212253
123.4,0.188506,0.0214152
123.6,0.182441,0.0213897
123.8,0.197202,0.0217542
124,0.203542,0.0219746
124.2,0.222316,0.0220623
124.4,0.233248,0.0222315
124.6,0.247894,0.022478
124.8,0.248728,0.0223898
125,0.253668,0.0227704
125.2,0.24291,0.0225818
125.4,0.222587,0.022575
125.6,0.213451,0.0229371
125.8,0.221528,0.0233035
126,0.214707,0.0233637
126.2,0.215669,0.0233741
126.4,0.195419,0.0232207
126.6,0.178387,0.0233059
126.8,0.187548,0.0234768
127,0.193849,0.0234719
127.2,0.182488,0.0231932
127.4,0.184357,0.0231561
127.6,0.182329,0.0230968
127.8,0.200469,0.0231121
128,0.208869,0.0229513
128.2,0.210418,0.0228022
128.4,0.196155,0.0226984
128.6,0.203633,0.0226658
128.8,0.205458,0.0224455
129,0.205225,0.0225029
129.2,0.20299,0.0225755
129.4,0.202644,0.0226582
129.6,0.193155,0.0224475
129.8,0.187136,0.0220043
130,0.17597,0.022075
130.2,0.169722,0.0222879
130.4,0.175938,0.0228236
130.6,0.166629,0.0229208
130.8,0.161695,0.0230997
131,0.16852,0.0234107
131.2,0.181355,0.0238583
131.4,0.186667,0.0238353
131.6,0.185052,0.0239633
131.8,0.165198,0.0235974
132,0.157347,0.0233187
132.2,0.160737,0.0231838
132.4,0.175439,0.02335
132.6,0.171349,0.0236714
132.8,0.177827,0.0239588
133,0.181151,0.0239118
133.2,0.193876,0.0239609
133.4,0.189808,0.0241182
133.6,0.179355,0.0240318
133.8,0.160739,0.0237379
134,0.148309,0.0235908
134.2,0.129173,0.0234077
134.4,0.13047,0.0232644
134.6,0.134788,0.023208
134.8,0.155203,0.0230843
135,0.173581,0.0236137
135.2,0.178886,0.023596
135.4,0.188549,0.0232154
135.6,0.208211,0.0234906
135.8,0.213647,0.0240335
136,0.206871,0.0245119
136.2,0.19964,0.024474
136.4,0.202277,0.024442
136.6,0.197515,0.0248112
136.8,0.200952,0.02514
137,0.198703,0.0249401
137.2,0.191799,0.0243484
137.4,0.187758,0.0238474
137.6,0.190232,0.0241639
137.8,0.170606,0.0239821
138,0.160233,0.0238617
138.2,0.149216,0.0238769
138.4,0.161588,0.0240534
138.6,0.161387,0.0243023
138.8,0.159463,0.0248628
139,0.155252,0.0252462
139.2,0.167953,0.0252726
139.4,0.17761,0.0249079
139.6,0.184317,0.0247895
139.8,0.163778,0.0248956
140,0.169676,0.0251507
140.2,0.178744,0.0247465
140.4,0.17679,0.0243104
140.6,0.174298,0.0243663
140.8,0.172374,0.0249563
141,0.172828,0.0251447
141.2,0.186697,0.0252801
141.4,0.176955,0.0253361
141.6,0.157934,0.025487
141.8,0.14204,0.025385
142,0.134053,0.0255785
142.2,0.145896,0.0256674
142.4,0.150043,0.025889
142.6,0.147717,0.0261803
142.8,0.144737,0.0264171
143,0.152821,0.0265529
143.2,0.178267,0.027255
143.4,0.179761,0.0273005
143.6,0.160044,0.0270809
143.8,0.154395,0.0270851
144,0.140754,0.026889
144.2,0.150692,0.0269208
144.4,0.169462,0.0272165
144.6,0.150175,0.0272436
144.8,0.149983,0.027299
145,0.172825,0.0276675
145.2,0.187247,0.0280618
145.4,0.205797,0.028319
145.6,0.192054,0.0283634
145.8,0.186731,0.0282181
146,0.192673,0.0278163
146.2,0.186521,0.0280417
146.4,0.158169,0.0277121
146.6,0.12867,0.0274819
146.8,0.104256,0.0271121
147,0.101948,0.0266202
147.2,0.100819,0.0267716
147.4,0.12488,0.0272621
147.6,0.125413,0.0267423
147.8,0.147552,0.0272926
148,0.163083,0.0272878
148.2,0.16681,0.0275692
148.4,0.188105,0.0281855
148.6,0.177823,0.0280089
148.8,0.166192,0.0280293
149,0.165163,0.0285726
149.2,0.153026,0.0283682
149.4,0.137463,0.0282384
149.6,0.123444,0.0284035
149.8,0.111394,0.0280805
150,0.110764,0.02791
150.2,0.0973025,0.0273828
150.4,0.0945073,0.0272548
150.6,0.10999,0.0274647
150.8,0.136624,0.0282626
151,0.163597,0.0282651
151.2,0.175612,0.0288533
151.4,0.178886,0.0295294
151.6,0.18839,0.0302876
151.8,0.189706,0.0307469
152,0.163283,0.0306208
152.2,0.144233,0.0299768
152.4,0.144281,0.0298904
152.6,0.141013,0.0289521
152.8,0.155549,0.0290753
153,0.155934,0.0290674
153.2,0.17089,0.0289877
153.4,0.169727,0.0290017
153.6,0.177597,0.0294352
153.8,0.174088,0.0299285
154,0.168755,0.030653
154.2,0.16111,0.0302339
154.4,0.17875,0.0304195
154.6,0.164696,0.0302352
154.8,0.170222,0.0304286
155,0.134771,0.0302702
155.2,0.112044,0.0299553
155.4,0.102265,0.0302192
155.6,0.0895507,0.0303981
155.8,0.0829049,0.0302669
156,0.0940076,0.0306051
156.2,0.0866956,0.0302731
156.4,0.112693,0.0301102
156.6,0.127133,0.0302666
156.8,0.137491,0.0300084
157,0.158505,0.0301511
157.2,0.137948,0.0302438
157.4,0.131685,0.0299313
157.6,0.139533,0.0300305
157.8,0.155957,0.0302463
158,0.152394,0.0300963
158.2,0.141842,0.0302299
158.4,0.124917,0.0298821
158.6,0.142353,0.0299263
158.8,0.139835,0.0303865
159,0.143636,0.0305071
159.2,0.119687,0.0305753
159.4,0.118464,0.0302823
159.6,0.13202,0.0303597
159.8,0.144483,0.0313568
160,0.151061,0.0314525
160.2,0.157118,0.0311182
160.4,0.175735,0.0318987
160.6,0.196846,0.0324737
160.8,0.198422,0.0328314
161,0.165714,0.0331056
161.2,0.13461,0.033043
161.4,0.0924231,0.0328433
161.6,0.0821655,0.033067
161.8,0.0686792,0.0328166
162,0.0546581,0.032803
162.2,0.0674648,0.0329934
162.4,0.0965914,0.0323647
162.6,0.129214,0.0317812
162.8,0.167127,0.0318966
163,0.167816,0.0314921
163.2,0.161853,0.0314714
163.4,0.158768,0.0318629
163.6,0.138622,0.0323832
163.8,0.141524,0.0323826
164,0.137347,0.0326256
164.2,0.132567,0.0329809
164.4,0.141134,0.0334526
164.6,0.139879,0.0335128
164.8,0.155661,0.033145
165,0.157853,0.0327794
165.2,0.135305,0.0338434
165.4,0.125048,0.0347042
165.6,0.110429,0.0345329
165.8,0.098447,0.0341691
166,0.112423,0.0343575
166.2,0.116751,0.0341852
166.4,0.138917,0.034321
166.6,0.16299,0.0341923
166.8,0.160807,0.0338431
167,0.168024,0.0338853
167.2,0.181454,0.0344351
167.4,0.180016,0.0347478
167.6,0.178559,0.0351244
167.8,0.143639,0.0345875
168,0.128176,0.0344809
168.2,0.119671,0.0337921
168.4,0.106265,0.0335527
168.6,0.102876,0.0335694
168.8,0.109682,0.033549
169,0.11609,0.0339337
169.2,0.16188,0.0350928
169.4,0.179118,0.0352907
169.6,0.188735,0.0355559
169.8,0.197141,0.0358785
170,0.196493,0.0361773
170.2,0.192177,0.0367354
170.4,0.177945,0.0363275
170.6,0.155368,0.0357857
170.8,0.13396,0.0356363
171,0.121739,0.0362159
171.2,0.129216,0.0363299
171.4,0.145382,0.0364652
171.6,0.14415,0.0356742
171.8,0.130991,0.0354466
172,0.127178,0.034774
172.2,0.143403,0.0350184
172.4,0.146638,0.0346059
172.6,0.130752,0.0340757
172.8,0.118433,0.0335727
173,0.118943,0.0339992
173.2,0.121566,0.0345411
173.4,0.11432,0.0355734
173.6,0.118486,0.0358357
173.8,0.137348,0.0362606
174,0.145089,0.0367124
174.2,0.14012,0.0369382
174.4,0.133562,0.0366674
174.6,0.136659,0.0364273
174.8,0.133955,0.0363109
175,0.123732,0.0365855
175.2,0.110296,0.0364196
175.4,0.111546,0.0369232
175.6,0.13398,0.0370331
175.8,0.131002,0.03657
176,0.12932,0.0363197
176.2,0.132552,0.0361577
176.4,0.148189,0.0354351
176.6,0.153328,0.0354159
176.8,0.155212,0.0355108
177,0.153491,0.0358121
177.2,0.162046,0.0365988
177.4,0.164759,0.037819
177.6,0.171084,0.038727
177.8,0.159444,0.0392913
178,0.144397,0.0389504
178.2,0.14026,0.0388073
178.4,0.116585,0.0387352
178.6,0.112309,0.0385159
178.8,0.130225,0.037604
179,0.145585,0.0365986
179.2,0.133193,0.0362925
179.4,0.145611,0.0391858
179.6,0.151756,0.0425072
179.8,0.165565,0.0469582
179.95,0.167046,0.0536259
1
0.8,0.00647863,0.000183949
1,0.00771774,0.000200907
1.2,0.00881191,0.000213953
1.4,0.00979251,0.000224356
1.6,0.00988752,0.000239981
1.8,0.01027,0.000259539
2,0.0108879,0.000279239
2.2,0.0112468,0.000297248
2.4,0.0115654,0.000314333
2.6,0.0123349,0.00033473
2.8,0.0134483,0.000360711
3,0.0149052,0.000388477
3.2,0.0164523,0.000416082
3.4,0.0178572,0.000445864
3.6,0.0196744,0.000477862
3.8,0.0223037,0.000512251
4,0.0247337,0.000544774
4.2,0.026752,0.000572931
4.4,0.0278378,0.000592409
4.6,0.0286868,0.00060903
4.8,0.0293081,0.000618762
5,0.0302754,0.000624097
5.2,0.0304138,0.000625185
5.4,0.0306275,0.000628499
5.6,0.0309848,0.000632293
5.8,0.0320128,0.000642811
6,0.0337484,0.000657928
6.2,0.0356957,0.00067811
6.4,0.0365771,0.000695463
6.6,0.0380911,0.000716866
6.8,0.0395444,0.00073928
7,0.0412556,0.000761193
7.2,0.0429869,0.000782655
7.4,0.0441976,0.000800258
7.6,0.0456563,0.000818138
7.8,0.0472608,0.000839355
8,0.0487434,0.000856519
8.2,0.0492806,0.000869979
8.4,0.0500223,0.000889438
8.6,0.0505223,0.000908378
8.8,0.0518043,0.000927798
9,0.0523787,0.000947211
9.2,0.0538486,0.000968648
9.4,0.0547786,0.000992751
9.6,0.0565413,0.00102098
9.8,0.0581859,0.00104832
10,0.059708,0.0010796
10.2,0.062758,0.00111919
10.4,0.0670097,0.00116988
10.6,0.0708595,0.00122027
10.8,0.0760479,0.00128168
11,0.0816387,0.00134682
11.2,0.0870924,0.00140371
11.4,0.0925577,0.00145879
11.6,0.0956975,0.00150391
11.8,0.0968497,0.00153018
12,0.0965691,0.00155607
12.2,0.0943057,0.00157034
12.4,0.0920946,0.00157758
12.6,0.0901433,0.00159237
12.8,0.0879854,0.00160651
13,0.0864589,0.00163093
13.2,0.0850063,0.00166317
13.4,0.085848,0.00169173
13.6,0.0875058,0.00172589
13.8,0.0890783,0.00176506
14,0.0902418,0.00180123
14.2,0.0916224,0.00183841
14.4,0.0940344,0.00187769
14.6,0.0994087,0.001924
14.8,0.102473,0.00197268
15,0.105716,0.00202221
15.2,0.108497,0.00206998
15.4,0.110697,0.00211602
15.6,0.111745,0.00216176
15.8,0.114437,0.00220975
16,0.114314,0.00225462
16.2,0.115256,0.00229643
16.4,0.116912,0.00234554
16.6,0.118166,0.00239275
16.8,0.118999,0.00244617
17,0.121203,0.00250334
17.2,0.119803,0.00254826
17.4,0.12082,0.00259165
17.6,0.120221,0.0026387
17.8,0.118014,0.00267051
18,0.114985,0.00269524
18.2,0.113479,0.00271715
18.4,0.115576,0.00274543
18.6,0.117902,0.0027755
18.8,0.118659,0.00279931
19,0.11748,0.00282169
19.2,0.119231,0.00284695
19.4,0.12356,0.00288218
19.6,0.125132,0.00290999
19.8,0.123639,0.00292104
20,0.11897,0.00292699
20.2,0.115142,0.00293115
20.4,0.115089,0.00293442
20.6,0.115192,0.00294521
20.8,0.112724,0.00294842
21,0.114099,0.00296157
21.2,0.114805,0.00298162
21.4,0.117074,0.00299827
21.6,0.118936,0.0030314
21.8,0.120616,0.00306295
22,0.119948,0.00308324
22.2,0.119646,0.00310396
22.4,0.118375,0.00311821
22.6,0.118015,0.00313588
22.8,0.119843,0.00316452
23,0.120631,0.00317254
23.2,0.121731,0.00318786
23.4,0.122593,0.00320431
23.6,0.123534,0.00322635
23.8,0.124898,0.00324187
24,0.124027,0.00325232
24.2,0.124107,0.00326188
24.4,0.126103,0.00329149
24.6,0.128206,0.00330363
24.8,0.129636,0.00332726
25,0.132156,0.00335202
25.2,0.135217,0.00338263
25.4,0.137591,0.0034118
25.6,0.139236,0.00345194
25.8,0.141389,0.00348148
26,0.141998,0.00350998
26.2,0.143711,0.0035454
26.4,0.144773,0.0035817
26.6,0.14292,0.00361663
26.8,0.144716,0.00366473
27,0.149399,0.00372272
27.2,0.150423,0.00377135
27.4,0.15299,0.00383682
27.6,0.152902,0.00388113
27.8,0.15293,0.00392324
28,0.155191,0.00396653
28.2,0.157707,0.00401207
28.4,0.155361,0.00401047
28.6,0.15448,0.00403081
28.8,0.155957,0.00403801
29,0.158876,0.00405379
29.2,0.161748,0.00406291
29.4,0.163476,0.00406126
29.6,0.161085,0.00404398
29.8,0.158826,0.00406047
30,0.160943,0.00405146
30.2,0.1577,0.00404532
30.4,0.156095,0.00403549
30.6,0.15141,0.00402563
30.8,0.148375,0.00403251
31,0.148876,0.00404446
31.2,0.149668,0.00405235
31.4,0.148505,0.00408901
31.6,0.148366,0.00410655
31.8,0.146367,0.00412571
32,0.150122,0.00415286
32.2,0.151558,0.00418566
32.4,0.150939,0.00420151
32.6,0.15136,0.00421629
32.8,0.149648,0.00421676
33,0.152624,0.00426104
33.2,0.154888,0.00428644
33.4,0.150244,0.00428149
33.6,0.148653,0.00428344
33.8,0.145727,0.00432144
34,0.142119,0.00434278
34.2,0.138567,0.00437267
34.4,0.13489,0.00441104
34.6,0.129875,0.00442919
34.8,0.132669,0.00449209
35,0.133777,0.00453371
35.2,0.135389,0.00455423
35.4,0.134328,0.00456266
35.6,0.138564,0.00458196
35.8,0.134749,0.00455489
36,0.133685,0.00458612
36.2,0.129485,0.00459665
36.4,0.125262,0.00459784
36.6,0.124694,0.0046013
36.8,0.125398,0.00462724
37,0.125346,0.00463231
37.2,0.128463,0.00466553
37.4,0.128545,0.00463448
37.6,0.130453,0.00462221
37.8,0.130237,0.00462091
38,0.126019,0.00461258
38.2,0.126262,0.00459829
38.4,0.12308,0.00458581
38.6,0.122746,0.00457451
38.8,0.125438,0.00461384
39,0.11953,0.00458612
39.2,0.118184,0.0045604
39.4,0.120665,0.00455149
39.6,0.121063,0.00454849
39.8,0.125119,0.00455845
40,0.121947,0.0045391
40.2,0.12264,0.00452439
40.4,0.126888,0.0045296
40.6,0.12901,0.00455625
40.8,0.1271,0.0045275
41,0.12567,0.0044811
41.2,0.123379,0.0044664
41.4,0.123688,0.0044497
41.6,0.121933,0.00442732
41.8,0.120308,0.00441608
42,0.116338,0.00438901
42.2,0.115795,0.00439342
42.4,0.115106,0.0044118
42.6,0.112467,0.00440188
42.8,0.111745,0.00439128
43,0.109529,0.00438996
43.2,0.10798,0.00439892
43.4,0.109033,0.0044106
43.6,0.111,0.0044256
43.8,0.108323,0.00443388
44,0.108427,0.00443792
44.2,0.109239,0.00447305
44.4,0.10854,0.00449623
44.6,0.109024,0.0045015
44.8,0.109537,0.00453759
45,0.109452,0.00456473
45.2,0.114161,0.00461846
45.4,0.114037,0.00463883
45.6,0.113757,0.00467652
45.8,0.114155,0.00467084
46,0.117137,0.0047081
46.2,0.116686,0.00467975
46.4,0.110889,0.00466137
46.6,0.111817,0.00469686
46.8,0.109441,0.00472193
47,0.108922,0.00473364
47.2,0.10943,0.00477327
47.4,0.107926,0.00481443
47.6,0.114553,0.00492964
47.8,0.122047,0.00498206
48,0.123801,0.00502235
48.2,0.127311,0.00504076
48.4,0.128695,0.00506103
48.6,0.134862,0.00513663
48.8,0.139674,0.00518788
49,0.137959,0.00518615
49.2,0.140166,0.0052696
49.4,0.142769,0.00526704
49.6,0.147497,0.0053885
49.8,0.153045,0.00547522
50,0.153168,0.00548416
50.2,0.155959,0.00551485
50.4,0.156958,0.00555111
50.6,0.160557,0.00558136
50.8,0.160582,0.00564757
51,0.162267,0.00567985
51.2,0.162233,0.00572191
51.4,0.161935,0.00577473
51.6,0.160687,0.0058002
51.8,0.162992,0.00581645
52,0.16174,0.0058284
52.2,0.162311,0.00584
52.4,0.160303,0.00580743
52.6,0.164985,0.00585955
52.8,0.168583,0.00588701
53,0.170822,0.00595401
53.2,0.170034,0.00599853
53.4,0.165667,0.00596437
53.6,0.158106,0.00594799
53.8,0.152606,0.00592386
54,0.144425,0.00582734
54.2,0.137496,0.00578842
54.4,0.130371,0.00568399
54.6,0.125108,0.00562902
54.8,0.117046,0.00561707
55,0.113102,0.00553324
55.2,0.108611,0.00548259
55.4,0.0998604,0.00545484
55.6,0.0941829,0.00540289
55.8,0.0893645,0.00540139
56,0.0860719,0.00540945
56.2,0.087847,0.0054466
56.4,0.0861946,0.00548829
56.6,0.086471,0.00552565
56.8,0.0909333,0.00559669
57,0.0916191,0.00561628
57.2,0.0932828,0.00565257
57.4,0.0903212,0.00562652
57.6,0.0898626,0.00565603
57.8,0.0884181,0.00569531
58,0.0884207,0.0057312
58.2,0.0876637,0.00576106
58.4,0.0890842,0.00585346
58.6,0.0910617,0.00589427
58.8,0.0937403,0.00595932
59,0.0942326,0.00594676
59.2,0.100023,0.00600851
59.4,0.102525,0.00603954
59.6,0.101107,0.00602146
59.8,0.0989995,0.00605786
60,0.0983216,0.00606154
60.2,0.099536,0.00612189
60.4,0.101547,0.00622063
60.6,0.103466,0.00627862
60.8,0.100655,0.00633264
61,0.107234,0.00643854
61.2,0.118447,0.00653911
61.4,0.12187,0.0066258
61.6,0.130757,0.00672815
61.8,0.136677,0.00688043
62,0.138026,0.00693833
62.2,0.142743,0.00697993
62.4,0.141418,0.00702293
62.6,0.141103,0.00705159
62.8,0.144672,0.00716665
63,0.14461,0.00721293
63.2,0.144451,0.00712399
63.4,0.145851,0.00718918
63.6,0.145862,0.00726927
63.8,0.147226,0.00728186
64,0.141358,0.00726522
64.2,0.13637,0.0072191
64.4,0.133522,0.00718147
64.6,0.139086,0.00728892
64.8,0.143889,0.00736842
65,0.147115,0.00741954
65.2,0.14594,0.00751267
65.4,0.155413,0.00767412
65.6,0.159493,0.00773863
65.8,0.161285,0.00780055
66,0.164271,0.00792235
66.2,0.164613,0.00798958
66.4,0.169939,0.00806835
66.6,0.178571,0.00810245
66.8,0.176481,0.0081228
67,0.174314,0.00821874
67.2,0.177572,0.0083658
67.4,0.179808,0.00839507
67.6,0.177016,0.00841106
67.8,0.174103,0.0083952
68,0.172482,0.00844654
68.2,0.171793,0.00845819
68.4,0.180948,0.00849374
68.6,0.180031,0.0084698
68.8,0.173124,0.00841859
69,0.176859,0.00835685
69.2,0.174124,0.00836488
69.4,0.171981,0.0083365
69.6,0.172603,0.00834259
69.8,0.170557,0.00835999
70,0.168359,0.00839924
70.2,0.168719,0.0085023
70.4,0.173001,0.0086259
70.6,0.177416,0.00874349
70.8,0.178798,0.00884082
71,0.176865,0.00892214
71.2,0.170608,0.00894037
71.4,0.173044,0.00895186
71.6,0.166214,0.00887086
71.8,0.160377,0.00884113
72,0.155462,0.00881119
72.2,0.150499,0.0087175
72.4,0.143753,0.0085466
72.6,0.143857,0.00848153
72.8,0.137831,0.0084246
73,0.136417,0.00851097
73.2,0.12677,0.00842127
73.4,0.12026,0.00840155
73.6,0.118669,0.00851709
73.8,0.125732,0.00864777
74,0.12148,0.00860131
74.2,0.122152,0.00868306
74.4,0.127957,0.00863909
74.6,0.134058,0.00875966
74.8,0.139043,0.0088109
75,0.139199,0.00875038
75.2,0.134902,0.00874324
75.4,0.136297,0.00884658
75.6,0.138742,0.00883567
75.8,0.132761,0.00885828
76,0.126361,0.00886653
76.2,0.123263,0.00886051
76.4,0.124522,0.00903987
76.6,0.122965,0.00913899
76.8,0.122028,0.0091976
77,0.123073,0.00939985
77.2,0.125104,0.00940969
77.4,0.136534,0.0095344
77.6,0.137036,0.00964392
77.8,0.132776,0.00955892
78,0.129335,0.00945252
78.2,0.131318,0.00945452
78.4,0.127777,0.00925623
78.6,0.122209,0.00930489
78.8,0.109626,0.0092134
79,0.111812,0.00920697
79.2,0.110299,0.00921523
79.4,0.108557,0.00925359
79.6,0.104483,0.00921302
79.8,0.0993366,0.00927556
80,0.103941,0.00931242
80.2,0.103645,0.0093183
80.4,0.101947,0.00929182
80.6,0.104124,0.00925666
80.8,0.10921,0.00934798
81,0.107783,0.00940656
81.2,0.107368,0.00939984
81.4,0.105791,0.00941007
81.6,0.111346,0.00938889
81.8,0.110356,0.00938709
82,0.109686,0.00940954
82.2,0.106986,0.0093653
82.4,0.11142,0.00941912
82.6,0.111129,0.00942313
82.8,0.108503,0.00941963
83,0.102492,0.00937975
83.2,0.103644,0.00946776
83.4,0.100734,0.00946832
83.6,0.0912907,0.00938835
83.8,0.0899679,0.00939987
84,0.0934908,0.00942837
84.2,0.0976508,0.00957994
84.4,0.106782,0.00986447
84.6,0.1093,0.00993681
84.8,0.110172,0.0101317
85,0.126606,0.0103888
85.2,0.128174,0.0105446
85.4,0.120625,0.0106471
85.6,0.115569,0.0105724
85.8,0.104689,0.0105226
86,0.0986074,0.0104299
86.2,0.102763,0.0104281
86.4,0.100397,0.01068
86.6,0.09279,0.0105817
86.8,0.0913004,0.0106005
87,0.0945525,0.0106832
87.2,0.0957751,0.0106264
87.4,0.0960028,0.0107255
87.6,0.0915128,0.0107401
87.8,0.0825101,0.0105771
88,0.0869275,0.0107639
88.2,0.0931327,0.0106572
88.4,0.0903786,0.0108289
88.6,0.0934472,0.0111114
88.8,0.0953714,0.0111538
89,0.0933177,0.0112204
89.2,0.0986493,0.0112821
89.4,0.0985206,0.0112709
89.6,0.103191,0.0115277
89.8,0.102093,0.0112991
90,0.095146,0.0111485
90.2,0.0927514,0.0112094
90.4,0.0895002,0.0111896
90.6,0.0868053,0.011079
90.8,0.0887851,0.0111939
91,0.0859116,0.0112033
91.2,0.0854997,0.0113709
91.4,0.0952636,0.0114042
91.6,0.099909,0.0114041
91.8,0.105102,0.0115006
92,0.0997189,0.0114979
92.2,0.0979387,0.0114934
92.4,0.0980493,0.0113764
92.6,0.10014,0.0114193
92.8,0.0942962,0.0114731
93,0.0908983,0.0116187
93.2,0.0885931,0.0115818
93.4,0.0916229,0.0115647
93.6,0.0944586,0.011511
93.8,0.0920174,0.0116582
94,0.0956153,0.0116686
94.2,0.0950607,0.0117215
94.4,0.0919507,0.0117473
94.6,0.0948535,0.0117793
94.8,0.0897506,0.0118974
95,0.0877849,0.011998
95.2,0.0884137,0.0119941
95.4,0.0854707,0.0119407
95.6,0.0879621,0.0120485
95.8,0.0883189,0.0120134
96,0.0883947,0.0122557
96.2,0.0881921,0.0124774
96.4,0.0838252,0.0123533
96.6,0.0804823,0.0124445
96.8,0.0739181,0.0124889
97,0.0741815,0.0124704
97.2,0.0782249,0.0124535
97.4,0.0872372,0.012478
97.6,0.101315,0.012446
97.8,0.111565,0.0126787
98,0.105205,0.0127771
98.2,0.107312,0.0129847
98.4,0.117698,0.0130789
98.6,0.117221,0.013056
98.8,0.112275,0.0129689
99,0.105514,0.0129837
99.2,0.0995686,0.0130973
99.4,0.112511,0.0131545
99.6,0.125221,0.0134479
99.8,0.113962,0.0134067
100,0.112769,0.0137087
100.2,0.116811,0.0138661
100.4,0.119276,0.0140834
100.6,0.120842,0.0140651
100.8,0.118173,0.0141082
101,0.112913,0.0141316
101.2,0.105099,0.0138503
101.4,0.107254,0.0136602
101.6,0.102623,0.013595
101.8,0.0986233,0.0133779
102,0.0912676,0.0134034
102.2,0.0864624,0.0135062
102.4,0.0799731,0.0131999
102.6,0.0984081,0.0137767
102.8,0.104188,0.0138535
103,0.0993867,0.013636
103.2,0.105132,0.014041
103.4,0.106269,0.0141896
103.6,0.103559,0.0140991
103.8,0.101937,0.0142959
104,0.0971341,0.0143427
104.2,0.095754,0.0146295
104.4,0.0943459,0.0150259
104.6,0.0913894,0.0148043
104.8,0.0882019,0.0147026
105,0.0918346,0.0147565
105.2,0.0938489,0.014666
105.4,0.0862814,0.0146071
105.6,0.0801783,0.0145824
105.8,0.0822153,0.0146013
106,0.0893413,0.0150273
106.2,0.0943094,0.0151564
106.4,0.101179,0.0154123
106.6,0.110039,0.0155926
106.8,0.130699,0.0160171
107,0.134288,0.0162152
107.2,0.14806,0.0164993
107.4,0.154014,0.0162569
107.6,0.154664,0.0164359
107.8,0.157817,0.0166001
108,0.161408,0.0169196
108.2,0.153508,0.0167223
108.4,0.15933,0.0165513
108.6,0.157219,0.0163019
108.8,0.157094,0.0165026
109,0.157606,0.0164149
109.2,0.1548,0.016483
109.4,0.151917,0.0163723
109.6,0.147228,0.016445
109.8,0.142019,0.0166483
110,0.135263,0.0165726
110.2,0.12098,0.016516
110.4,0.125324,0.0168038
110.6,0.127998,0.0166919
110.8,0.137676,0.0170925
111,0.133447,0.0174885
111.2,0.133977,0.0176995
111.4,0.138386,0.0179875
111.6,0.13782,0.01822
111.8,0.147487,0.018258
112,0.146277,0.0182403
112.2,0.140613,0.0184098
112.4,0.165335,0.0187589
112.6,0.178468,0.0188893
112.8,0.187486,0.019091
113,0.199697,0.0190106
113.2,0.188891,0.0190037
113.4,0.192814,0.0192639
113.6,0.186654,0.0188446
113.8,0.168109,0.0183311
114,0.172368,0.0185253
114.2,0.167085,0.0186076
114.4,0.152393,0.018477
114.6,0.150745,0.0184828
114.8,0.149988,0.0185226
115,0.147312,0.0187002
115.2,0.155093,0.0189251
115.4,0.143943,0.0188627
115.6,0.14773,0.0188542
115.8,0.166039,0.0191796
116,0.171954,0.0194038
116.2,0.17718,0.0194112
116.4,0.180882,0.0195457
116.6,0.176874,0.0195316
116.8,0.179341,0.0194373
117,0.173869,0.0195031
117.2,0.1641,0.0197141
117.4,0.171296,0.0199631
117.6,0.178652,0.020127
117.8,0.186203,0.0203035
118,0.187813,0.0206187
118.2,0.18402,0.0209728
118.4,0.188653,0.0211109
118.6,0.19476,0.0213226
118.8,0.190488,0.0211781
119,0.188222,0.021445
119.2,0.172161,0.0212755
119.4,0.173828,0.0212677
119.6,0.169933,0.0212846
119.8,0.172173,0.0213531
120,0.174294,0.0212188
120.2,0.169387,0.0211188
120.4,0.154836,0.0209272
120.6,0.16064,0.0209758
120.8,0.139118,0.0206564
121,0.140581,0.0204603
121.2,0.12736,0.0203224
121.4,0.114165,0.0205579
121.6,0.114009,0.020636
121.8,0.107779,0.0202734
122,0.113822,0.0205991
122.2,0.128952,0.0207931
122.4,0.138002,0.021126
122.6,0.152351,0.021427
122.8,0.148156,0.0211637
123,0.15841,0.0215418
123.2,0.17506,0.022065
123.4,0.187516,0.0219143
123.6,0.201651,0.0220955
123.8,0.196072,0.0219653
124,0.196315,0.0218263
124.2,0.206822,0.0218734
124.4,0.202796,0.0219182
124.6,0.194501,0.0217821
124.8,0.175661,0.0216331
125,0.144796,0.0213964
125.2,0.139497,0.0213179
125.4,0.126517,0.0214055
125.6,0.128628,0.0219126
125.8,0.125319,0.0218845
126,0.131693,0.0224004
126.2,0.13886,0.0223865
126.4,0.155927,0.0228127
126.6,0.15737,0.0229805
126.8,0.160101,0.0232177
127,0.164016,0.0229124
127.2,0.161425,0.0228634
127.4,0.155787,0.0228548
127.6,0.144296,0.0231938
127.8,0.149707,0.0230364
128,0.141239,0.0224801
128.2,0.13508,0.0225951
128.4,0.125784,0.0228977
128.6,0.138322,0.0228361
128.8,0.143889,0.0229098
129,0.147087,0.0231614
129.2,0.129797,0.0232296
129.4,0.144324,0.0237297
129.6,0.15137,0.0238284
129.8,0.153528,0.0240216
130,0.142841,0.024162
130.2,0.131851,0.0237493
130.4,0.124618,0.0233023
130.6,0.130015,0.0232248
130.8,0.124161,0.0233437
131,0.117219,0.0233248
131.2,0.108209,0.0228024
131.4,0.0860029,0.0222585
131.6,0.0794032,0.0221703
131.8,0.0962463,0.0228505
132,0.0886582,0.0228679
132.2,0.0787069,0.0220632
132.4,0.075042,0.0214589
132.6,0.0785349,0.0213729
132.8,0.0921407,0.0216807
133,0.0951535,0.0218776
133.2,0.0984412,0.0215892
133.4,0.113534,0.0215959
133.6,0.113326,0.0223543
133.8,0.122704,0.0231545
134,0.141621,0.0239751
134.2,0.149747,0.0247712
134.4,0.157638,0.0254641
134.6,0.151003,0.0255563
134.8,0.137669,0.0258575
135,0.142552,0.0263765
135.2,0.132513,0.0263779
135.4,0.122064,0.0260668
135.6,0.133604,0.026532
135.8,0.130117,0.0262378
136,0.111987,0.0258302
136.2,0.11459,0.0258516
136.4,0.122228,0.0256883
136.6,0.127691,0.0251689
136.8,0.132688,0.0251353
137,0.103434,0.0239268
137.2,0.109065,0.0240257
137.4,0.107954,0.0244247
137.6,0.108018,0.0242149
137.8,0.103353,0.0238457
138,0.114835,0.0243757
138.2,0.097041,0.0244586
138.4,0.109761,0.0250666
138.6,0.103433,0.0250494
138.8,0.118857,0.0247869
139,0.118854,0.0246801
139.2,0.126148,0.0249481
139.4,0.11734,0.0248965
139.6,0.13146,0.0252483
139.8,0.139815,0.0252095
140,0.146688,0.0250363
140.2,0.155912,0.0253781
140.4,0.168135,0.0257583
140.6,0.156085,0.0258761
140.8,0.156565,0.0258532
141,0.146741,0.0252466
141.2,0.138655,0.0249019
141.4,0.129417,0.0247124
141.6,0.122628,0.0251124
141.8,0.112249,0.0248664
142,0.0965585,0.0249863
142.2,0.0957789,0.0251933
142.4,0.108485,0.0259426
142.6,0.130013,0.026538
142.8,0.125742,0.0266651
143,0.125478,0.0264142
143.2,0.12085,0.0266906
143.4,0.132129,0.0263537
143.6,0.128893,0.0263618
143.8,0.098621,0.0259173
144,0.0679835,0.024994
144.2,0.0720371,0.0251903
144.4,0.0608288,0.0250861
144.6,0.066803,0.0249538
144.8,0.0769846,0.025513
145,0.0696426,0.0253496
145.2,0.0812503,0.0254739
145.4,0.0860096,0.0257213
145.6,0.0940351,0.0257845
145.8,0.0962527,0.0257421
146,0.0908607,0.026177
146.2,0.0955683,0.0266656
146.4,0.100308,0.0268697
146.6,0.103125,0.0271183
146.8,0.0999934,0.0279169
147,0.0919388,0.0281628
147.2,0.0983028,0.0289377
147.4,0.100637,0.0287414
147.6,0.0965264,0.0286671
147.8,0.101783,0.0289634
148,0.0970142,0.0289608
148.2,0.106192,0.0289119
148.4,0.0941613,0.0285986
148.6,0.0749465,0.0279485
148.8,0.0721937,0.0284038
149,0.0649715,0.0280567
149.2,0.0656101,0.0285012
149.4,0.0949731,0.0288013
149.6,0.0934519,0.0286564
149.8,0.0842068,0.0293098
150,0.0840762,0.0301053
150.2,0.0942387,0.029932
150.4,0.0932125,0.0295992
150.6,0.0785332,0.0280712
150.8,0.0491169,0.0268965
151,0.0583891,0.0270837
151.2,0.0732871,0.0270779
151.4,0.0886065,0.026739
151.6,0.0718482,0.0266932
151.8,0.0757781,0.0277617
152,0.0767509,0.0286243
152.2,0.0736264,0.0294094
152.4,0.0552273,0.0292667
152.6,0.0583836,0.0282029
152.8,0.0634895,0.0277097
153,0.0627127,0.0277406
153.2,0.0666126,0.0274214
153.4,0.0730792,0.0277946
153.6,0.0804316,0.0285352
153.8,0.103714,0.0291204
154,0.119719,0.0299747
154.2,0.122402,0.0303625
154.4,0.1207,0.0300833
154.6,0.10465,0.02998
154.8,0.103074,0.0298775
155,0.12465,0.0300199
155.2,0.110456,0.0294679
155.4,0.0954681,0.0290494
155.6,0.0924855,0.029768
155.8,0.117845,0.0306941
156,0.123648,0.0307976
156.2,0.125653,0.0309354
156.4,0.105478,0.0310148
156.6,0.100915,0.0318854
156.8,0.10262,0.0324019
157,0.0973493,0.0314914
157.2,0.0871774,0.0310126
157.4,0.0969385,0.0308941
157.6,0.100917,0.030242
157.8,0.106929,0.0289425
158,0.104059,0.0286885
158.2,0.0941353,0.028846
158.4,0.0858938,0.0289924
158.6,0.0643355,0.0287596
158.8,0.0564786,0.0284462
159,0.0556825,0.0291275
159.2,0.0628947,0.0301134
159.4,0.0740524,0.029791
159.6,0.0671476,0.0294691
159.8,0.0621639,0.0297129
160,0.0724033,0.0297207
160.2,0.0753916,0.030377
160.4,0.0732487,0.0303391
160.6,0.0602411,0.030076
160.8,0.0520748,0.0300059
161,0.0646417,0.0300739
161.2,0.0582096,0.0301955
161.4,0.0430103,0.0304074
161.6,0.0270183,0.0300652
161.8,0.00470703,0.030128
162,-0.00863587,0.0301077
162.2,-0.0158946,0.0309364
162.4,-0.0260434,0.0320817
162.6,-0.014745,0.0323428
162.8,0.00848984,0.0336313
163,0.0224753,0.034488
163.2,0.0473385,0.0350422
163.4,0.0688188,0.0350183
163.6,0.0786324,0.0347504
163.8,0.110402,0.0334502
164,0.126527,0.0326784
164.2,0.124116,0.0314836
164.4,0.121879,0.0308129
164.6,0.103916,0.0308046
164.8,0.0946994,0.0313724
165,0.0968008,0.0315719
165.2,0.0800389,0.0327539
165.4,0.0714449,0.0331976
165.6,0.0979942,0.0346385
165.8,0.106184,0.0348722
166,0.119545,0.0340243
166.2,0.122737,0.0336058
166.4,0.129248,0.0338954
166.6,0.125534,0.0328287
166.8,0.105067,0.0323118
167,0.0732973,0.0309367
167.2,0.0665628,0.0309139
167.4,0.0688756,0.0312704
167.6,0.0669063,0.0309438
167.8,0.062712,0.0302027
168,0.0658984,0.0307995
168.2,0.0841673,0.0320828
168.4,0.0807825,0.0326308
168.6,0.0742971,0.0319356
168.8,0.0612606,0.0312038
169,0.0668144,0.0318536
169.2,0.0572536,0.0316491
169.4,0.0507249,0.0317316
169.6,0.0553783,0.0320371
169.8,0.0727703,0.0316337
170,0.0695068,0.0324083
170.2,0.0874442,0.0342419
170.4,0.0890155,0.0349026
170.6,0.0806997,0.0355042
170.8,0.0788519,0.0363792
171,0.0735395,0.0350741
171.2,0.0713819,0.035285
171.4,0.0670696,0.0370854
171.6,0.0669025,0.0370814
171.8,0.071374,0.0366724
172,0.0962274,0.0366542
172.2,0.114223,0.0361433
172.4,0.121014,0.0369546
172.6,0.103526,0.0366121
172.8,0.110773,0.0351198
173,0.105511,0.0343138
173.2,0.0866657,0.0343099
173.4,0.0727177,0.0342118
173.6,0.0543475,0.0333276
173.8,0.0311712,0.0323702
174,0.0288062,0.0330133
174.2,0.0377809,0.0328801
174.4,0.0410699,0.0323191
174.6,0.0321608,0.0311032
174.8,0.0268064,0.0315125
175,0.0396167,0.0325411
175.2,0.0496681,0.0329746
175.4,0.0563132,0.0322633
175.6,0.0454844,0.0325665
175.8,0.0232988,0.0337411
176,0.0331951,0.0360466
176.2,0.0450488,0.0370257
176.4,0.0380031,0.0381282
176.6,0.0685192,0.0398951
176.8,0.0813717,0.0413328
177,0.109275,0.0418315
177.2,0.151708,0.0427035
177.4,0.167622,0.0418762
177.6,0.155402,0.0408313
177.8,0.159377,0.0405468
178,0.146964,0.0403311
178.2,0.158642,0.039711
178.4,0.14742,0.0395806
178.6,0.118744,0.0386223
178.8,0.101291,0.0387582
179,0.0993642,0.0392165
179.2,0.107363,0.039116
179.4,0.105555,0.0412772
179.6,0.0907133,0.0451523
179.8,0.0809039,0.0498598
179.95,0.0869608,0.0573378
2
0.8,0.0153839,0.000190814
1,0.0188601,0.000205604
1.2,0.0218862,0.000217268
1.4,0.0247187,0.000227514
1.6,0.0264378,0.000240922
1.8,0.0286188,0.000255688
2,0.0308234,0.000272695
2.2,0.0327595,0.00028874
2.4,0.0347596,0.000306587
2.6,0.0375077,0.000327153
2.8,0.0409459,0.000348922
3,0.0443683,0.000369931
3.2,0.0479586,0.000391395
3.4,0.0516968,0.000413392
3.6,0.0552882,0.000435577
3.8,0.0593787,0.000458381
4,0.0633444,0.000480068
4.2,0.0667326,0.000500909
4.4,0.0699923,0.000519582
4.6,0.0730332,0.000536726
4.8,0.0759333,0.000552463
5,0.0792694,0.000568231
5.2,0.0820621,0.000582693
5.4,0.0851602,0.000598409
5.6,0.0887416,0.000614888
5.8,0.0922829,0.00063435
6,0.096781,0.000655925
6.2,0.101529,0.000678003
6.4,0.105483,0.000698542
6.6,0.109883,0.000720731
6.8,0.114224,0.000742643
7,0.118048,0.000762882
7.2,0.121817,0.000780783
7.4,0.125528,0.000798114
7.6,0.128739,0.000815018
7.8,0.132297,0.00083282
8,0.135168,0.000848914
8.2,0.137111,0.000864263
8.4,0.139329,0.000882017
8.6,0.141624,0.000899466
8.8,0.143369,0.000917174
9,0.144446,0.000934971
9.2,0.146641,0.000953604
9.4,0.148257,0.000972747
9.6,0.150876,0.000995389
9.8,0.153022,0.00101605
10,0.156516,0.0010411
10.2,0.160336,0.00106703
10.4,0.165554,0.00109795
10.6,0.171428,0.00113165
10.8,0.178745,0.00117013
11,0.186376,0.0012097
11.2,0.194611,0.00124931
11.4,0.201167,0.00128551
11.6,0.207493,0.00131912
11.8,0.211063,0.00134347
12,0.211998,0.00136389
12.2,0.211064,0.00137823
12.4,0.209266,0.00138859
12.6,0.205777,0.00139686
12.8,0.203029,0.00140734
13,0.199231,0.00141762
13.2,0.196827,0.00143582
13.4,0.195276,0.00145216
13.6,0.19524,0.00147262
13.8,0.195638,0.001495
14,0.197501,0.00152193
14.2,0.198023,0.00154695
14.4,0.20018,0.00157604
14.6,0.205419,0.00160581
14.8,0.209031,0.00163675
15,0.211968,0.00166861
15.2,0.214747,0.00170053
15.4,0.21576,0.00172653
15.6,0.216872,0.00175348
15.8,0.218883,0.00178161
16,0.217673,0.0018066
16.2,0.217526,0.00183372
16.4,0.217753,0.0018624
16.6,0.218424,0.00189151
16.8,0.220005,0.00192798
17,0.222513,0.00196578
17.2,0.222069,0.00199871
17.4,0.224044,0.00203744
17.6,0.225358,0.0020773
17.8,0.225097,0.00211212
18,0.223608,0.00214527
18.2,0.22458,0.00217876
18.4,0.226337,0.00221654
18.6,0.227218,0.00225715
18.8,0.226548,0.00229104
19,0.224806,0.00232874
19.2,0.226773,0.00237179
19.4,0.228209,0.00240887
19.6,0.227605,0.00244607
19.8,0.225886,0.00247344
20,0.225699,0.00249769
20.2,0.224578,0.00251953
20.4,0.226461,0.0025377
20.6,0.226075,0.00254843
20.8,0.22499,0.00256032
21,0.224761,0.00257414
21.2,0.224313,0.0025905
21.4,0.224779,0.00260524
21.6,0.22572,0.00262689
21.8,0.225301,0.00264718
22,0.224953,0.00266601
22.2,0.226351,0.00268859
22.4,0.228087,0.0027078
22.6,0.229707,0.00272677
22.8,0.230966,0.00274622
23,0.23071,0.00275796
23.2,0.232372,0.0027703
23.4,0.232695,0.00278632
23.6,0.232825,0.00280254
23.8,0.23242,0.00281299
24,0.232246,0.00282532
24.2,0.233274,0.00284283
24.4,0.236432,0.00286021
24.6,0.238092,0.0028741
24.8,0.239028,0.0028859
25,0.242107,0.00290141
25.2,0.24475,0.00292464
25.4,0.248188,0.00294752
25.6,0.25179,0.00296873
25.8,0.252821,0.00299254
26,0.255805,0.00301748
26.2,0.26193,0.00305701
26.4,0.263257,0.00309252
26.6,0.26507,0.00312538
26.8,0.267056,0.00316375
27,0.268166,0.0032041
27.2,0.272039,0.00324855
27.4,0.274782,0.00329663
27.6,0.272538,0.00332589
27.8,0.273407,0.00335511
28,0.276916,0.00338195
28.2,0.278304,0.00340724
28.4,0.277114,0.00342053
28.6,0.275281,0.00342651
28.8,0.272224,0.00342064
29,0.275147,0.0034213
29.2,0.276674,0.003417
29.4,0.275607,0.00340499
29.6,0.272808,0.00338988
29.8,0.274034,0.00338732
30,0.274843,0.00337557
30.2,0.277154,0.00337771
30.4,0.273202,0.00337234
30.6,0.269341,0.0033656
30.8,0.265828,0.00337026
31,0.268619,0.00336825
31.2,0.267005,0.00336542
31.4,0.26516,0.00337178
31.6,0.26257,0.00336617
31.8,0.2622,0.00336971
32,0.263953,0.00337811
32.2,0.263847,0.00338929
32.4,0.261195,0.00339667
32.6,0.260262,0.00340195
32.8,0.257511,0.00341023
33,0.256204,0.00342421
33.2,0.256076,0.00343501
33.4,0.253943,0.00344504
33.6,0.253084,0.00344971
33.8,0.251173,0.00346519
34,0.248082,0.00347763
34.2,0.248199,0.00349569
34.4,0.246761,0.00352205
34.6,0.245768,0.00354724
34.8,0.245757,0.00357319
35,0.2456,0.00360086
35.2,0.243626,0.00362012
35.4,0.24267,0.00363849
35.6,0.241774,0.00365901
35.8,0.238492,0.00366372
36,0.236689,0.00367576
36.2,0.233528,0.00368672
36.4,0.232823,0.00369651
36.6,0.233925,0.00371028
36.8,0.23314,0.00372152
37,0.232095,0.0037229
37.2,0.232219,0.00373934
37.4,0.231972,0.00374507
37.6,0.233324,0.00375215
37.8,0.231065,0.00375802
38,0.227828,0.00376022
38.2,0.228993,0.00375944
38.4,0.229286,0.00376085
38.6,0.230786,0.00375599
38.8,0.231472,0.00375674
39,0.228701,0.00374792
39.2,0.228294,0.00374245
39.4,0.22965,0.00374178
39.6,0.230299,0.00374281
39.8,0.231974,0.00374777
40,0.230031,0.00374687
40.2,0.229452,0.00374596
40.4,0.229457,0.00375131
40.6,0.228115,0.00374784
40.8,0.226381,0.00373912
41,0.221791,0.00372472
41.2,0.21909,0.00372371
41.4,0.217363,0.00371752
41.6,0.21433,0.00371274
41.8,0.212995,0.00370007
42,0.208481,0.00369546
42.2,0.204868,0.00369124
42.4,0.204082,0.00370196
42.6,0.199243,0.00368269
42.8,0.195371,0.00367753
43,0.192109,0.00368302
43.2,0.191544,0.00369931
43.4,0.190838,0.00370211
43.6,0.191588,0.00371336
43.8,0.189499,0.00372294
44,0.191359,0.00374801
44.2,0.192196,0.00376617
44.4,0.19131,0.00376667
44.6,0.188977,0.0037705
44.8,0.188623,0.00378304
45,0.189619,0.00379627
45.2,0.190893,0.00381227
45.4,0.188199,0.00381303
45.6,0.190326,0.00383555
45.8,0.191454,0.00384897
46,0.19618,0.0038803
46.2,0.197565,0.00389899
46.4,0.195674,0.00391422
46.6,0.197895,0.00393685
46.8,0.199031,0.00396798
47,0.199733,0.00398775
47.2,0.20038,0.00400563
47.4,0.19771,0.00402528
47.6,0.204001,0.00406388
47.8,0.206809,0.00408396
48,0.206429,0.00409911
48.2,0.207235,0.00410635
48.4,0.207326,0.00412559
48.6,0.212402,0.00416667
48.8,0.218483,0.00419722
49,0.216136,0.0042122
49.2,0.217832,0.00425042
49.4,0.223676,0.00428929
49.6,0.23192,0.00436138
49.8,0.237284,0.00441002
50,0.24174,0.00445316
50.2,0.242209,0.00447013
50.4,0.245587,0.00451499
50.6,0.252189,0.00456339
50.8,0.253075,0.00460316
51,0.25418,0.00462889
51.2,0.257011,0.00466367
51.4,0.254082,0.00467267
51.6,0.252531,0.00470237
51.8,0.253139,0.00470461
52,0.250668,0.00470269
52.2,0.249919,0.00470334
52.4,0.247632,0.00470993
52.6,0.243613,0.00470592
52.8,0.241218,0.00471889
53,0.24181,0.00474455
53.2,0.237292,0.00474616
53.4,0.230627,0.00473843
53.6,0.224891,0.00472382
53.8,0.219251,0.00470545
54,0.216579,0.00470562
54.2,0.213585,0.00470934
54.4,0.204761,0.00467273
54.6,0.200344,0.00466442
54.8,0.195058,0.00464851
55,0.187549,0.00463161
55.2,0.178211,0.00458735
55.4,0.167722,0.004537
55.6,0.161675,0.00449412
55.8,0.158264,0.00448723
56,0.154017,0.00447681
56.2,0.147731,0.00446861
56.4,0.144976,0.00447952
56.6,0.142687,0.00449399
56.8,0.143348,0.00451107
57,0.141702,0.00450821
57.2,0.140796,0.00452277
57.4,0.13908,0.00453864
57.6,0.141892,0.00457241
57.8,0.14082,0.00456759
58,0.142794,0.00458006
58.2,0.143755,0.00461082
58.4,0.144906,0.00466148
58.6,0.144012,0.00466993
58.8,0.143182,0.00468868
59,0.14479,0.00470389
59.2,0.146964,0.00475341
59.4,0.150451,0.00480483
59.6,0.151578,0.00482826
59.8,0.150875,0.0048608
60,0.156143,0.00490915
60.2,0.160639,0.00494726
60.4,0.162433,0.00501029
60.6,0.166811,0.00503844
60.8,0.164169,0.00505305
61,0.163658,0.00507319
61.2,0.171913,0.00511782
61.4,0.172577,0.00513534
61.6,0.176537,0.00519551
61.8,0.181267,0.00522713
62,0.185348,0.00527519
62.2,0.19144,0.00531471
62.4,0.196902,0.00536055
62.6,0.194595,0.00537249
62.8,0.198287,0.00541795
63,0.198785,0.00544155
63.2,0.193835,0.0054155
63.4,0.192986,0.0054247
63.6,0.194033,0.00546094
63.8,0.197068,0.00550393
64,0.200773,0.005538
64.2,0.20089,0.00556643
64.4,0.203882,0.00556185
64.6,0.213082,0.00564055
64.8,0.219087,0.00570539
65,0.220397,0.0057132
65.2,0.218537,0.00572212
65.4,0.218854,0.00574526
65.6,0.217662,0.00576399
65.8,0.217862,0.00581017
66,0.217266,0.00584071
66.2,0.212937,0.00584878
66.4,0.21566,0.00591821
66.6,0.218564,0.00595702
66.8,0.21904,0.00602005
67,0.222392,0.00607883
67.2,0.223687,0.00612206
67.4,0.226097,0.00615767
67.6,0.226962,0.00619294
67.8,0.224578,0.00619098
68,0.226095,0.00624401
68.2,0.22957,0.00628874
68.4,0.230962,0.00629508
68.6,0.229331,0.006319
68.8,0.226033,0.00631725
69,0.227518,0.00632334
69.2,0.230365,0.00637019
69.4,0.23236,0.00640032
69.6,0.229382,0.00638954
69.8,0.229677,0.00641465
70,0.228017,0.00642285
70.2,0.229541,0.00646661
70.4,0.234179,0.00655917
70.6,0.233203,0.00657552
70.8,0.227091,0.00657195
71,0.222216,0.00659005
71.2,0.214998,0.00656686
71.4,0.219533,0.00658723
71.6,0.216331,0.00655132
71.8,0.212319,0.00650465
72,0.210275,0.00649875
72.2,0.209182,0.0064826
72.4,0.205045,0.0064319
72.6,0.204449,0.00647117
72.8,0.19632,0.0064525
73,0.193084,0.00648154
73.2,0.184462,0.00643987
73.4,0.177921,0.00643692
73.6,0.175117,0.00646435
73.8,0.182661,0.00654094
74,0.177581,0.00651347
74.2,0.176198,0.0065631
74.4,0.17782,0.00657788
74.6,0.180069,0.00662678
74.8,0.181573,0.00665504
75,0.179984,0.00665094
75.2,0.174479,0.00663585
75.4,0.181971,0.00670216
75.6,0.185068,0.00665044
75.8,0.185522,0.00671102
76,0.1839,0.00674787
76.2,0.185124,0.00676549
76.4,0.187827,0.00680991
76.6,0.188071,0.00686609
76.8,0.183372,0.0068664
77,0.186006,0.0070016
77.2,0.184933,0.00698114
77.4,0.193123,0.00702436
77.6,0.193456,0.00707461
77.8,0.191902,0.00709742
78,0.18944,0.00704783
78.2,0.194604,0.00708984
78.4,0.190944,0.00701362
78.6,0.188279,0.00708312
78.8,0.177672,0.0070391
79,0.175527,0.00702514
79.2,0.17036,0.0070194
79.4,0.170038,0.00706363
79.6,0.16394,0.00702525
79.8,0.159309,0.00703057
80,0.159863,0.00699349
80.2,0.156443,0.00700356
80.4,0.155835,0.00700695
80.6,0.1594,0.00699409
80.8,0.154626,0.0069936
81,0.151041,0.00702351
81.2,0.14826,0.00703084
81.4,0.144109,0.00701745
81.6,0.147962,0.00701894
81.8,0.141376,0.00701693
82,0.136681,0.00703571
82.2,0.1415,0.00706158
82.4,0.143026,0.0070275
82.6,0.138495,0.00702012
82.8,0.131325,0.00704595
83,0.127885,0.00708619
83.2,0.130214,0.00708842
83.4,0.129343,0.00706628
83.6,0.122805,0.00705326
83.8,0.121619,0.00708877
84,0.129304,0.00714991
84.2,0.138224,0.00724791
84.4,0.140731,0.00730478
84.6,0.137582,0.00735675
84.8,0.138303,0.00750652
85,0.143376,0.00759326
85.2,0.144552,0.00766607
85.4,0.137893,0.00769865
85.6,0.131199,0.00766235
85.8,0.126141,0.00768726
86,0.133772,0.00773365
86.2,0.135217,0.00768578
86.4,0.140181,0.00777942
86.6,0.135999,0.00776896
86.8,0.137131,0.00778643
87,0.143644,0.00788606
87.2,0.145048,0.00784398
87.4,0.140249,0.00787594
87.6,0.138968,0.00789312
87.8,0.129422,0.00780134
88,0.128973,0.00787984
88.2,0.134594,0.0078993
88.4,0.131333,0.00789877
88.6,0.130573,0.00799925
88.8,0.129192,0.0080085
89,0.126858,0.00804537
89.2,0.131976,0.00812926
89.4,0.138582,0.00815523
89.6,0.140233,0.00823246
89.8,0.137662,0.00818594
90,0.136024,0.00816113
90.2,0.138504,0.00817664
90.4,0.136314,0.00818602
90.6,0.129106,0.00812547
90.8,0.122586,0.00810837
91,0.11906,0.00810376
91.2,0.118491,0.00814582
91.4,0.12202,0.00820451
91.6,0.123628,0.00823033
91.8,0.126324,0.00827598
92,0.124744,0.00829662
92.2,0.125753,0.00833654
92.4,0.124722,0.00832186
92.6,0.131068,0.0083674
92.8,0.129367,0.00834037
93,0.128966,0.00841264
93.2,0.128243,0.00837003
93.4,0.134628,0.00843524
93.6,0.138145,0.00844357
93.8,0.136991,0.00852931
94,0.132016,0.0085512
94.2,0.131705,0.00861678
94.4,0.125502,0.0086196
94.6,0.126025,0.0087282
94.8,0.119707,0.00873936
95,0.11544,0.00881983
95.2,0.114577,0.0087925
95.4,0.11339,0.00886537
95.6,0.114376,0.00892779
95.8,0.114525,0.00891798
96,0.115105,0.00901142
96.2,0.115495,0.00905652
96.4,0.120752,0.00906143
96.6,0.122661,0.00914264
96.8,0.124027,0.0090881
97,0.122425,0.00909341
97.2,0.124948,0.009073
97.4,0.126754,0.00902441
97.6,0.134624,0.00908999
97.8,0.134521,0.00915257
98,0.128654,0.00920375
98.2,0.130045,0.00930572
98.4,0.133226,0.00936604
98.6,0.13426,0.00944928
98.8,0.133505,0.00950779
99,0.132378,0.00952243
99.2,0.126402,0.00946125
99.4,0.132023,0.00946608
99.6,0.137708,0.00955342
99.8,0.137102,0.00953438
100,0.135022,0.0096306
100.2,0.137435,0.00968409
100.4,0.133675,0.00976752
100.6,0.135894,0.00987005
100.8,0.138351,0.00995354
101,0.129813,0.00993425
101.2,0.121797,0.00997417
101.4,0.125371,0.010002
101.6,0.125313,0.0099739
101.8,0.124638,0.00991697
102,0.121521,0.0098673
102.2,0.113856,0.00990169
102.4,0.115198,0.00990377
102.6,0.128606,0.0100168
102.8,0.130299,0.0100107
103,0.126973,0.00997568
103.2,0.126872,0.0100528
103.4,0.129458,0.0102048
103.6,0.130333,0.0102031
103.8,0.127572,0.0102347
104,0.125039,0.0103132
104.2,0.12095,0.010348
104.4,0.119137,0.0104953
104.6,0.123221,0.0105512
104.8,0.119098,0.0105134
105,0.11987,0.0104941
105.2,0.122303,0.0105359
105.4,0.118603,0.0105798
105.6,0.117826,0.0106839
105.8,0.115935,0.0106999
106,0.11708,0.0107993
106.2,0.11865,0.0108748
106.4,0.127417,0.0109876
106.6,0.136277,0.0111176
106.8,0.148695,0.0111924
107,0.155426,0.011276
107.2,0.167107,0.0114602
107.4,0.176917,0.0115179
107.6,0.180855,0.0115864
107.8,0.180438,0.011713
108,0.177942,0.0117231
108.2,0.169819,0.0116209
108.4,0.175566,0.0116206
108.6,0.176073,0.011625
108.8,0.173379,0.011656
109,0.18196,0.0117152
109.2,0.17883,0.0117348
109.4,0.177952,0.0118782
109.6,0.18411,0.0120954
109.8,0.174488,0.0121749
110,0.173114,0.0122199
110.2,0.169704,0.012324
110.4,0.163733,0.0124491
110.6,0.164317,0.0124638
110.8,0.174062,0.0126626
111,0.172677,0.0128197
111.2,0.183353,0.012947
111.4,0.188257,0.0130185
111.6,0.185605,0.0129941
111.8,0.190655,0.0129905
112,0.194522,0.0131229
112.2,0.184358,0.0130356
112.4,0.187627,0.0130698
112.6,0.18891,0.0131352
112.8,0.189686,0.0132157
113,0.195673,0.0132172
113.2,0.195788,0.013191
113.4,0.203892,0.0132417
113.6,0.205173,0.0132113
113.8,0.201841,0.0130924
114,0.202714,0.0131459
114.2,0.200882,0.0132239
114.4,0.194419,0.0132592
114.6,0.189954,0.0133336
114.8,0.188462,0.0133749
115,0.192359,0.0135068
115.2,0.193663,0.0136756
115.4,0.189999,0.0136954
115.6,0.191193,0.0135428
115.8,0.203224,0.0135906
116,0.211323,0.013832
116.2,0.210872,0.0138769
116.4,0.207857,0.0138631
116.6,0.209667,0.0139028
116.8,0.212473,0.0139608
117,0.210222,0.0141584
117.2,0.203759,0.0144187
117.4,0.210709,0.0144421
117.6,0.215977,0.0145875
117.8,0.223771,0.0148031
118,0.225194,0.0149327
118.2,0.218978,0.0149492
118.4,0.222488,0.015028
118.6,0.229167,0.0150394
118.8,0.223527,0.0151026
119,0.218996,0.0151431
119.2,0.213816,0.0149489
119.4,0.209128,0.0148506
119.6,0.207764,0.014916
119.8,0.213786,0.0149477
120,0.202657,0.0148097
120.2,0.19046,0.0146129
120.4,0.187825,0.0145932
120.6,0.185696,0.0147723
120.8,0.177383,0.0147659
121,0.179845,0.0147988
121.2,0.169763,0.0148002
121.4,0.166785,0.0151324
121.6,0.176407,0.0153753
121.8,0.172717,0.0152411
122,0.177044,0.0152952
122.2,0.188229,0.0153623
122.4,0.192397,0.0154
122.6,0.197909,0.0154623
122.8,0.195874,0.0152816
123,0.187682,0.0152649
123.2,0.185453,0.0154216
123.4,0.188094,0.0154735
123.6,0.190445,0.0155062
123.8,0.196731,0.015646
124,0.200531,0.0157169
124.2,0.21586,0.01577
124.4,0.22056,0.0158614
124.6,0.225647,0.0159468
124.8,0.218283,0.0158692
125,0.208305,0.0159972
125.2,0.199821,0.0158877
125.4,0.182558,0.0159049
125.6,0.178108,0.0161983
125.8,0.181441,0.0163688
126,0.180118,0.0165184
126.2,0.183666,0.0165202
126.4,0.178964,0.0165478
126.6,0.16963,0.0166286
126.8,0.176112,0.0167671
127,0.181418,0.0166916
127.2,0.173712,0.0165468
127.4,0.172453,0.0165271
127.6,0.166482,0.0165807
127.8,0.179318,0.0165498
128,0.18069,0.0163395
128.2,0.179027,0.016296
128.4,0.166834,0.01632
128.6,0.17642,0.0162896
128.8,0.179804,0.0162035
129,0.181001,0.0162924
129.2,0.172493,0.0163434
129.4,0.178344,0.0165063
129.6,0.175745,0.0164328
129.8,0.173133,0.0162769
130,0.162166,0.0163455
130.2,0.153943,0.0163388
130.4,0.154555,0.0164781
130.6,0.151373,0.016505
130.8,0.146056,0.0166185
131,0.147145,0.0167614
131.2,0.150877,0.0168512
131.4,0.144724,0.0167132
131.6,0.141032,0.0167551
131.8,0.136468,0.0167371
132,0.128727,0.0166078
132.2,0.126558,0.0163526
132.4,0.133607,0.0162933
132.6,0.132676,0.0164309
132.8,0.142124,0.0166413
133,0.145319,0.0166631
133.2,0.154112,0.0166217
133.4,0.158027,0.0167004
133.6,0.151843,0.0168308
133.8,0.144891,0.0168766
134,0.145522,0.0170049
134.2,0.137746,0.0171165
134.4,0.14179,0.0172262
134.6,0.141544,0.017224
134.8,0.147897,0.0172455
135,0.160652,0.0176218
135.2,0.159564,0.017614
135.4,0.160847,0.0173597
135.6,0.177124,0.0176063
135.8,0.178843,0.0177782
136,0.167336,0.0178965
136.2,0.164202,0.0178842
136.4,0.168923,0.0178283
136.6,0.168422,0.0178732
136.8,0.172509,0.0180207
137,0.159008,0.0176365
137.2,0.157326,0.0173766
137.4,0.154506,0.0172362
137.6,0.155976,0.0173345
137.8,0.142584,0.0171589
138,0.141317,0.0172309
138.2,0.127476,0.0172584
138.4,0.139994,0.0174917
138.6,0.13724,0.0176041
138.8,0.142544,0.0178048
139,0.140086,0.0179619
139.2,0.150534,0.0180387
139.4,0.152497,0.0178527
139.6,0.162293,0.0178824
139.8,0.153794,0.017923
140,0.160098,0.0180019
140.2,0.169231,0.017894
140.4,0.173184,0.0177846
140.6,0.166709,0.0178403
140.8,0.165787,0.01811
141,0.161958,0.01805
141.2,0.16668,0.0180312
141.4,0.157148,0.0180127
141.6,0.143223,0.0181804
141.8,0.129627,0.0180728
142,0.11843,0.0181939
142.2,0.125014,0.0182858
142.4,0.132727,0.0185718
142.6,0.140341,0.0188546
142.8,0.136822,0.0189976
143,0.141428,0.0190012
143.2,0.154344,0.0194023
143.4,0.159914,0.019344
143.6,0.147064,0.0192406
143.8,0.131156,0.0191375
144,0.110433,0.0188277
144.2,0.117919,0.0188885
144.4,0.124198,0.0190082
144.6,0.115437,0.0189912
144.8,0.119567,0.0191466
145,0.129832,0.0192884
145.2,0.143081,0.0195094
145.4,0.155886,0.0196914
145.6,0.151213,0.0197274
145.8,0.149032,0.0196467
146,0.150251,0.0195513
146.2,0.148624,0.0197742
146.4,0.13406,0.0196638
146.6,0.118027,0.019613
146.8,0.10248,0.0196324
147,0.0977773,0.0194636
147.2,0.0997707,0.0197297
147.4,0.114779,0.0199077
147.6,0.113377,0.0196475
147.8,0.128481,0.0199776
148,0.135555,0.0199748
148.2,0.141552,0.0200936
148.4,0.148962,0.0203056
148.6,0.134958,0.0200638
148.8,0.127026,0.0201842
149,0.123417,0.0203584
149.2,0.116603,0.0203683
149.4,0.119759,0.0203802
149.6,0.110947,0.0204228
149.8,0.100066,0.0204318
150,0.0996443,0.0205527
150.2,0.0960259,0.0202655
150.4,0.0939678,0.0201214
150.6,0.0968829,0.0198363
150.8,0.100163,0.0199349
151,0.11976,0.01998
151.2,0.132977,0.0202628
151.4,0.141269,0.0205145
151.6,0.139831,0.0208771
151.8,0.142236,0.0213423
152,0.127228,0.021478
152.2,0.114813,0.0213526
152.4,0.107175,0.0212772
152.6,0.106584,0.0205748
152.8,0.117191,0.0205174
153,0.117092,0.0205209
153.2,0.127441,0.0204077
153.4,0.129457,0.0205019
153.6,0.137111,0.0208852
153.8,0.144766,0.0212606
154,0.148324,0.0218109
154.2,0.144982,0.0217047
154.4,0.154562,0.0217254
154.6,0.139677,0.0216128
154.8,0.142244,0.0216804
155,0.130554,0.0216391
155.2,0.111382,0.0213564
155.4,0.0994329,0.0213833
155.6,0.0907735,0.0216396
155.8,0.0974633,0.0218011
156,0.106358,0.0219863
156.2,0.102928,0.0218631
156.4,0.109687,0.021806
156.6,0.116209,0.0220958
156.8,0.122961,0.0221064
157,0.133023,0.0219435
157.2,0.116794,0.0218683
157.4,0.117207,0.0216922
157.6,0.123443,0.021579
157.8,0.135528,0.0213712
158,0.132254,0.0212393
158.2,0.121964,0.0213406
158.4,0.108657,0.021208
158.6,0.109846,0.0211741
158.8,0.105103,0.0213231
159,0.106989,0.0215403
159.2,0.0960233,0.0218069
159.4,0.0999589,0.0215898
159.6,0.10499,0.0215501
159.8,0.110183,0.0220873
160,0.118287,0.0221354
160.2,0.123066,0.0221293
160.4,0.133032,0.0224954
160.6,0.139927,0.022713
160.8,0.137444,0.0228713
161,0.123601,0.0230208
161.2,0.102777,0.0230179
161.4,0.0718345,0.022969
161.6,0.0591875,0.023
161.8,0.0420241,0.022892
162,0.0282856,0.0228806
162.2,0.0327317,0.023164
162.4,0.0454936,0.0231326
162.6,0.0692311,0.0229195
162.8,0.101028,0.0232929
163,0.107257,0.0233231
163.2,0.114139,0.0234567
163.4,0.121289,0.0236297
163.6,0.113626,0.023801
163.8,0.128557,0.0234752
164,0.132839,0.0234008
164.2,0.129045,0.0232856
164.4,0.133111,0.0233587
164.6,0.124894,0.0233862
164.8,0.13026,0.0233388
165,0.132415,0.0232095
165.2,0.112277,0.024
165.4,0.102714,0.0245185
165.6,0.105248,0.0247809
165.8,0.101671,0.0246659
166,0.11539,0.0245491
166.2,0.119245,0.0243665
166.4,0.134888,0.0245007
166.6,0.147383,0.0241853
166.8,0.137582,0.0238956
167,0.128554,0.0235981
167.2,0.133582,0.0238623
167.4,0.133708,0.024096
167.6,0.132037,0.0242083
167.8,0.109919,0.023779
168,0.102227,0.0238591
168.2,0.104878,0.0238173
168.4,0.0956476,0.0238314
168.6,0.0909681,0.0236754
168.8,0.0895062,0.0234954
169,0.0955583,0.0238324
169.2,0.118286,0.0243507
169.4,0.125621,0.0244663
169.6,0.13317,0.0246653
169.8,0.14532,0.0247338
170,0.143582,0.0250539
170.2,0.148538,0.0257442
170.4,0.140891,0.0257012
170.6,0.124256,0.0255854
170.8,0.110998,0.0257274
171,0.101656,0.0256882
171.2,0.105118,0.0257929
171.4,0.112752,0.0262915
171.6,0.111964,0.0259186
171.8,0.10615,0.0257105
172,0.114282,0.0253915
172.2,0.131245,0.0253786
172.4,0.135961,0.0253889
172.6,0.119408,0.0250566
172.8,0.115241,0.0244473
173,0.113346,0.0244491
173.2,0.107024,0.0247053
173.4,0.0969855,0.0251757
173.6,0.0917615,0.0250962
173.8,0.0931077,0.0250863
174,0.0966378,0.0254527
174.2,0.0974787,0.0255338
174.4,0.0950236,0.0252754
174.6,0.0931178,0.0248894
174.8,0.0893096,0.0249209
175,0.0886842,0.0252844
175.2,0.0850341,0.0253004
175.4,0.0885325,0.0253894
175.6,0.0971067,0.0255108
175.8,0.0861258,0.0255485
176,0.0892678,0.0259702
176.2,0.0960925,0.0261319
176.4,0.102278,0.0260703
176.6,0.117991,0.0265166
176.8,0.124445,0.0269387
177,0.135068,0.0272067
177.2,0.157738,0.0277919
177.4,0.165952,0.0281272
177.6,0.16455,0.0282805
177.8,0.159416,0.0284736
178,0.145467,0.0282602
178.2,0.147919,0.0280399
178.4,0.129433,0.027974
178.6,0.11499,0.0276363
178.8,0.118169,0.0272391
179,0.126326,0.0268848
179.2,0.12243,0.0267176
179.4,0.128921,0.028606
179.6,0.126322,0.0311253
179.8,0.130289,0.0343793
179.95,0.133677,0.0393614
